1476 6508
1 144 
1 97
1 377
1 402
1 101
1 466
1 272
1 792
1 324
1 191
1 72
1 656
1 1436
1 245
1 48
1 803
1 364
1 1316
1 580
1 809
1 522
1 729
1 346
1 698
1 652
1 1155
1 256
1 728
1 535
1 681
1 687
1 632
1 39
1 23
1 1087
1 1286
1 3
1 440
1 861
1 78
1 247
1 77
1 804
1 741
1 501
1 901
1 438
1 731
1 22
1 70
1 631
1 85
1 969
1 971
1 539
1 787
1 391
1 276
1 967
1 510
1 425
1 600
1 464
1 960
1 417
1 1152
1 1455
1 1040
1 1224
1 1419
1 1225
1 1188
1 1222
1 409
1 1086
1 1088
1 1375
1 1406
1 1287
1 1089
1 1180
1 534
1 1388
1 458
1 658
1 693
1 1112
1 1074
1 24
1 30
1 76
1 650
1 5
1 32
1 359
1 136
1 103
1 1176
1 1059
1 130
1 1023
1 1099
1 451
1 508
1 782
1 655
1 463
1 491
1 1042
1 1200
1 51
1 795
1 544
1 445
1 38
1 574
1 1211
1 744
1 826
1 62
1 1252
1 189
1 1165
1 421
1 1393
1 788
1 347
1 413
1 1032
1 651
1 63
1 1034
1 696
1 515
1 1267
1 820
1 1294
1 824
1 156
1 1250
1 134
1 1292
1 274
1 1257
1 1124
1 1121
1 793
1 905
1 807
1 1123
1 1122
1 889
1 806
1 1056
1 904
1 903
1 707
1 888
2 652
3 1
3 64
3 101
4 1167
5 1
6 160
7 538
7 56
8 581
8 8
8 64
9 1182
9 64
10 803
10 136
10 80
11 1182
11 11
11 270
11 64
12 101
13 1182
13 144
14 782
14 64
14 437
15 1182
15 64
16 803
17 1168
17 285
18 270
18 64
19 346
19 1084
20 64
21 1167
21 85
22 1
22 377
22 1168
22 974
23 1
23 465
23 144
23 324
24 1182
24 1
24 508
25 462
25 487
26 1182
26 631
26 186
26 64
26 101
26 185
27 103
28 101
28 270
29 101
30 1
30 64
30 144
31 1167
32 803
32 32
32 1
32 1393
32 583
33 144
34 451
34 101
35 466
35 1167
36 1028
37 101
38 1
38 64
39 1
39 792
39 144
40 618
41 52
41 402
42 728
42 494
43 346
43 655
44 144
45 1182
45 144
45 1033
45 45
45 191
45 694
46 803
47 803
47 487
48 1
49 1054
49 792
50 402
50 256
50 64
51 803
51 51
51 151
51 1
52 41
52 1182
52 256
52 64
52 144
52 191
52 1214
52 898
52 1019
52 1219
52 864
53 631
53 377
53 64
53 402
53 101
54 78
54 64
54 362
55 144
55 64
56 7
56 402
56 101
56 466
56 106
56 811
56 653
56 822
57 792
58 1167
58 85
58 58
58 103
59 1167
59 285
60 803
61 968
61 976
61 61
61 447
61 608
61 607
62 1
62 144
63 792
63 63
63 1
64 803
64 258
64 101
64 3
64 1182
64 1168
64 8
64 30
64 1084
64 1167
64 800
64 1033
64 20
64 354
64 538
64 11
64 179
64 14
64 18
64 1028
64 52
64 738
64 81
64 103
64 410
64 79
64 50
64 659
64 73
64 512
64 194
64 683
64 9
64 442
64 68
64 54
64 110
64 118
64 84
64 1104
64 15
64 1099
64 210
64 26
64 181
64 581
64 248
64 55
64 482
64 353
64 655
64 1227
64 463
64 686
64 348
64 478
64 142
64 798
64 613
64 53
64 1062
64 367
64 38
64 1063
64 1318
64 139
64 412
64 1208
64 823
64 74
64 519
64 852
64 843
64 185
64 728
64 629
65 803
66 545
66 66
66 543
66 517
66 403
66 542
67 408
67 130
68 1182
68 631
68 64
68 101
69 466
70 321
70 377
70 592
70 402
70 101
70 144
70 466
70 261
70 792
70 191
70 1
70 203
70 919
70 1248
70 1277
70 1297
70 1407
70 1409
70 97
70 245
70 746
70 676
70 1024
70 1058
70 350
70 340
70 151
70 511
70 887
71 803
72 1
73 78
73 64
74 188
74 256
74 64
74 101
74 360
75 256
75 792
76 1
77 1079
77 1
77 77
77 144
77 709
78 1057
78 97
78 377
78 101
78 144
78 466
78 191
78 256
78 1
78 869
78 509
78 402
78 1253
78 1377
78 1360
78 1442
78 1374
78 1439
78 1423
78 1437
78 364
78 1295
78 1418
78 1447
78 1060
78 893
78 79
78 73
78 54
78 130
78 707
78 728
78 451
78 248
78 1387
78 782
78 398
78 89
78 1146
78 1245
78 103
78 1013
78 788
78 1095
78 1292
78 1113
78 281
79 78
79 64
79 739
80 10
81 580
81 64
81 101
82 678
83 354
84 1182
84 799
84 64
85 85
85 1
85 377
85 642
85 256
85 101
85 58
85 21
85 537
86 152
87 89
88 402
89 1182
89 377
89 402
89 652
89 89
89 466
89 87
89 78
89 101
90 121
91 151
92 186
93 707
94 103
95 128
95 738
95 95
95 805
96 736
97 144
97 432
97 1
97 803
97 522
97 346
97 466
97 652
97 256
97 402
97 681
97 364
97 245
97 78
97 145
97 609
97 261
97 501
97 127
97 336
97 203
97 119
97 377
97 101
97 324
97 292
97 278
97 178
97 426
97 983
97 424
97 347
97 70
97 438
97 458
97 103
97 534
97 464
97 291
97 288
97 162
97 305
97 136
97 536
97 290
97 446
98 175
98 103
99 101
100 101
101 144
101 1
101 792
101 364
101 64
101 729
101 191
101 256
101 346
101 272
101 466
101 402
101 3
101 681
101 877
101 245
101 78
101 728
101 438
101 539
101 747
101 127
101 1182
101 1168
101 70
101 1167
101 97
101 464
101 510
101 513
101 417
101 599
101 430
101 404
101 723
101 522
101 718
101 527
101 377
101 458
101 12
101 324
101 201
101 501
101 29
101 803
101 354
101 56
101 100
101 99
101 799
101 437
101 85
101 738
101 81
101 103
101 496
101 68
101 110
101 130
101 580
101 1099
101 37
101 34
101 26
101 461
101 632
101 686
101 654
101 719
101 142
101 53
101 273
101 89
101 652
101 281
101 448
101 631
101 1063
101 330
101 447
101 467
101 28
101 139
101 412
101 109
101 509
101 74
101 449
101 1055
101 347
101 477
101 534
101 118
101 753
101 696
101 577
101 695
101 675
101 843
101 1446
101 669
101 446
102 707
103 136
103 324
103 27
103 97
103 377
103 64
103 402
103 101
103 144
103 466
103 792
103 272
103 1
103 191
103 245
103 58
103 282
103 94
103 281
103 78
103 98
103 197
104 803
105 1167
105 285
106 538
106 56
107 803
108 459
108 738
109 216
109 109
109 101
110 968
110 377
110 64
110 631
110 101
110 976
111 113
112 151
113 111
113 151
114 151
115 406
116 151
117 151
118 968
118 466
118 64
118 1182
118 125
118 161
118 101
119 592
119 97
119 1306
119 936
120 803
121 90
121 144
121 738
121 128
121 1269
121 164
121 166
122 201
122 199
123 803
123 466
124 144
125 968
125 118
126 257
127 151
127 272
127 191
127 97
127 402
127 101
127 466
127 792
127 803
127 293
127 152
128 728
128 191
128 466
128 171
128 121
128 95
128 144
128 165
128 140
128 1106
128 172
128 363
128 163
129 803
130 67
130 130
130 377
130 78
130 144
130 466
130 1
130 191
130 101
130 408
131 172
131 173
132 706
132 132
132 191
133 152
134 1
135 487
135 135
135 144
136 803
136 272
136 103
136 10
136 402
136 466
136 1
136 191
136 97
136 245
136 792
136 664
137 286
137 365
138 544
139 101
139 377
139 64
139 402
140 128
140 471
141 144
142 631
142 64
142 101
143 256
144 44
144 97
144 377
144 186
144 101
144 145
144 466
144 261
144 792
144 402
144 324
144 191
144 1
144 728
144 256
144 809
144 522
144 729
144 698
144 892
144 245
144 1378
144 1080
144 1240
144 909
144 1261
144 899
144 540
144 1331
144 685
144 1215
144 1205
144 1231
144 706
144 737
144 1242
144 1351
144 1345
144 632
144 1162
144 721
144 1317
144 1283
144 580
144 1048
144 1025
144 1392
144 1046
144 469
144 1266
144 1299
144 797
144 1293
144 900
144 364
144 39
144 23
144 1087
144 1286
144 440
144 147
144 681
144 1302
144 791
144 1079
144 484
144 869
144 78
144 168
144 167
144 459
144 170
144 747
144 169
144 77
144 790
144 741
144 144
144 1202
144 1270
144 896
144 716
144 1328
144 794
144 677
144 656
144 785
144 1155
144 1129
144 1134
144 346
144 1386
144 272
144 575
144 1342
144 731
144 70
144 1244
144 1409
144 818
144 662
144 361
144 972
144 787
144 246
144 624
144 391
144 422
144 276
144 967
144 1086
144 762
144 918
144 417
144 586
144 146
144 1206
144 1422
144 1291
144 1251
144 1259
144 1138
144 1189
144 1218
144 1193
144 1212
144 1235
144 1455
144 1021
144 908
144 1354
144 1263
144 1159
144 1412
144 1209
144 1370
144 1199
144 1444
144 1217
144 1247
144 1248
144 1040
144 1273
144 1117
144 1332
144 1174
144 1408
144 1229
144 1419
144 1064
144 1126
144 884
144 1053
144 1347
144 866
144 1277
144 1326
144 725
144 1430
144 1288
144 1068
144 1031
144 1225
144 1276
144 1194
144 1296
144 1303
144 907
144 1128
144 1290
144 1153
144 1298
144 810
144 1188
144 1190
144 1383
144 1322
144 1305
144 1222
144 1468
144 1377
144 464
144 1183
144 1337
144 1320
144 1333
144 409
144 1297
144 801
144 1281
144 1315
144 1130
144 1368
144 1334
144 1028
144 1433
144 313
144 1401
144 1340
144 1289
144 576
144 1463
144 1081
144 1037
144 991
144 886
144 1264
144 1135
144 1357
144 1367
144 1234
144 1405
144 1442
144 1356
144 1375
144 740
144 1397
144 1379
144 1083
144 1098
144 1376
144 718
144 631
144 1470
144 1349
144 1374
144 527
144 1372
144 1346
144 1395
144 1027
144 1391
144 796
144 1044
144 1020
144 1403
144 1148
144 1420
144 1434
144 1462
144 1441
144 1474
144 1398
144 1287
144 1407
144 1173
144 1413
144 1223
144 1014
144 1410
144 1449
144 1191
144 1439
144 1424
144 914
144 1432
144 1417
144 1029
144 1440
144 1238
144 1423
144 1363
144 1435
144 1416
144 525
144 1437
144 1452
144 1467
144 1464
144 1469
144 1451
144 460
144 1180
144 1336
144 1453
144 1460
144 1457
144 1278
144 1450
144 1414
144 1425
144 1465
144 534
144 1089
144 784
144 438
144 458
144 658
144 691
144 689
144 692
144 1018
144 1073
144 1075
144 690
144 1077
144 1074
144 1072
144 693
144 1078
144 1017
144 1131
144 510
144 489
144 441
144 1036
144 582
144 581
144 30
144 976
144 13
144 487
144 52
144 121
144 103
144 45
144 259
144 130
144 1023
144 465
144 831
144 780
144 128
144 456
144 483
144 55
144 270
144 264
144 714
144 812
144 33
144 1097
144 837
144 314
144 715
144 502
144 1241
144 275
144 398
144 300
144 668
144 544
144 827
144 913
144 895
144 871
144 1400
144 480
144 574
144 1318
144 822
144 865
144 1211
144 124
144 371
144 467
144 135
144 471
144 744
144 821
144 1108
144 826
144 62
144 897
144 149
144 389
144 524
144 672
144 539
144 362
144 713
144 1061
144 736
144 557
144 549
144 336
144 543
144 347
144 1466
144 1054
144 372
144 1156
144 1032
144 1246
144 671
144 726
144 651
144 911
144 724
144 589
144 781
144 1166
144 666
144 1034
144 1043
144 696
144 396
144 820
144 1076
144 1294
144 202
144 317
144 498
144 684
144 611
144 1220
144 404
144 745
144 1016
144 1096
144 141
144 444
144 274
144 1257
144 446
144 1373
145 144
145 283
145 97
145 199
145 261
145 938
145 432
145 418
145 422
145 978
145 147
145 1310
145 604
145 759
145 751
145 289
145 376
145 982
145 404
145 596
145 513
145 586
145 354
145 757
145 240
145 175
145 195
145 415
145 198
145 263
145 619
145 507
145 980
145 434
145 591
146 144
146 324
146 556
147 144
147 145
147 289
148 1087
148 1286
149 191
149 377
149 144
149 466
149 465
149 729
149 1344
149 1115
149 1103
150 434
151 223
151 127
151 230
151 151
151 113
151 91
151 114
151 117
151 51
151 116
151 220
151 239
151 153
151 466
151 70
151 225
151 228
151 112
151 174
151 227
151 231
151 221
152 133
152 127
152 86
153 226
153 151
154 286
155 438
156 1
157 968
157 157
157 768
158 315
159 209
160 968
160 609
160 728
160 283
160 6
161 118
161 315
162 97
163 128
164 121
165 128
165 191
165 738
166 121
167 168
167 144
167 702
167 991
168 702
168 144
168 167
168 1105
168 169
169 702
169 459
169 471
169 144
169 882
169 1255
169 825
169 717
169 1106
169 720
169 168
170 702
170 247
170 191
170 144
170 1030
170 439
170 738
171 1139
171 128
171 902
172 131
172 128
173 131
173 738
174 151
175 728
175 432
175 1182
175 968
175 624
175 178
175 145
175 98
176 286
177 286
178 917
178 422
178 175
178 97
179 1182
179 799
179 64
180 286
181 581
181 64
182 968
182 976
183 464
184 656
184 377
184 402
184 466
184 374
184 728
184 564
184 567
184 184
184 1008
184 992
184 565
184 832
185 64
185 26
185 186
186 144
186 92
186 402
186 213
186 1427
186 680
186 26
186 185
187 466
188 74
189 1
190 496
191 144
191 1
191 272
191 792
191 127
191 324
191 364
191 256
191 580
191 729
191 466
191 728
191 377
191 245
191 101
191 706
191 1155
191 1157
191 535
191 899
191 1177
191 1371
191 743
191 1404
191 1114
191 632
191 727
191 1162
191 1283
191 1352
191 1392
191 1111
191 671
191 402
191 860
191 1369
191 900
191 1087
191 1286
191 458
191 681
191 270
191 1094
191 527
191 894
191 1050
191 438
191 869
191 78
191 471
191 191
191 170
191 1175
191 261
191 1202
191 1270
191 677
191 661
191 128
191 501
191 346
191 1066
191 1458
191 524
191 731
191 1047
191 883
191 652
191 70
191 631
191 391
191 514
191 868
191 539
191 787
191 520
191 624
191 276
191 510
191 613
191 344
191 513
191 762
191 1149
191 918
191 464
191 430
191 761
191 1354
191 1412
191 1163
191 1224
191 1319
191 1347
191 1225
191 1181
191 907
191 1383
191 1377
191 1337
191 1333
191 1433
191 1340
191 1086
191 711
191 1367
191 1088
191 1372
191 1346
191 1027
191 502
191 1014
191 1410
191 1089
191 317
191 1469
191 1180
191 1450
191 1338
191 642
191 640
191 644
191 643
191 641
191 522
191 658
191 691
191 689
191 692
191 1073
191 1075
191 1112
191 690
191 1077
191 1074
191 533
191 1072
191 1078
191 1131
191 509
191 489
191 1036
191 1060
191 581
191 371
191 803
191 136
191 454
191 799
191 782
191 543
191 52
191 103
191 45
191 505
191 568
191 130
191 451
191 450
191 805
191 353
191 264
191 165
191 314
191 808
191 521
191 534
191 1146
191 445
191 544
191 406
191 549
191 467
191 891
191 802
191 1065
191 132
191 744
191 267
191 897
191 336
191 149
191 421
191 503
191 271
191 635
191 1169
191 529
191 396
191 910
191 557
191 347
191 1466
191 1032
191 663
191 493
191 485
191 701
191 1095
191 262
191 735
191 405
191 688
191 1085
191 453
191 1096
191 499
191 491
192 945
192 192
192 466
192 611
193 619
194 466
194 64
195 612
195 261
195 272
195 145
195 393
195 354
195 312
196 803
197 583
197 103
198 145
199 767
199 145
199 122
199 778
200 767
200 261
200 272
200 422
200 1306
200 432
200 600
200 283
200 599
200 609
200 963
200 392
201 968
201 201
201 976
201 101
201 466
201 122
201 935
201 260
201 615
202 509
202 144
203 934
203 609
203 97
203 600
203 283
203 70
203 288
204 423
204 261
204 600
204 276
204 283
204 609
204 933
204 354
204 766
204 428
204 597
205 315
206 209
207 315
208 315
208 250
209 251
209 206
209 159
209 309
209 249
210 1182
210 799
210 64
211 217
211 245
212 262
212 245
213 245
213 186
213 1083
213 262
214 245
215 242
215 245
216 505
216 245
216 442
216 109
217 1186
217 211
218 614
219 792
219 869
220 151
221 151
222 803
223 803
223 151
224 803
225 151
226 153
227 151
228 151
229 803
230 803
230 151
231 151
232 293
233 293
234 293
235 293
236 293
237 293
238 293
239 151
240 385
240 354
240 145
240 388
240 387
240 381
240 1307
240 380
240 592
240 379
240 386
240 382
240 625
240 384
240 985
240 383
241 803
242 485
242 242
242 215
243 792
244 767
244 245
245 1
245 213
245 466
245 522
245 729
245 346
245 144
245 191
245 256
245 509
245 211
245 97
245 101
245 402
245 214
245 681
245 244
245 364
245 438
245 510
245 103
245 216
245 70
245 272
245 215
245 136
245 212
246 728
246 144
247 170
247 805
247 1
248 1182
248 78
248 64
249 209
250 208
251 209
251 315
252 315
253 315
254 423
255 257
256 792
256 144
256 191
256 1359
256 97
256 377
256 245
256 101
256 324
256 1
256 1185
256 75
256 1343
256 681
256 656
256 1010
256 1239
256 402
256 78
256 364
256 823
256 272
256 600
256 1212
256 1031
256 1197
256 907
256 1014
256 581
256 1026
256 52
256 85
256 50
256 1104
256 1097
256 275
256 143
256 480
256 1108
256 74
256 549
256 351
256 1034
256 373
256 390
256 990
257 435
257 354
257 126
257 255
258 258
258 1316
258 64
258 792
259 144
260 201
261 144
261 272
261 365
261 729
261 402
261 97
261 769
261 191
261 422
261 70
261 596
261 200
261 969
261 354
261 145
261 594
261 764
261 204
261 432
261 940
261 604
261 344
261 918
261 600
261 602
261 983
261 623
261 621
261 355
261 943
261 626
261 757
261 286
261 195
261 415
261 261
261 779
261 263
261 637
261 618
261 288
261 616
261 434
261 591
262 191
262 792
262 213
262 212
263 614
263 592
263 263
263 145
263 354
263 261
263 600
264 578
264 144
264 191
264 534
265 782
266 792
267 718
267 267
267 191
267 466
268 286
268 292
269 269
269 464
269 671
270 1154
270 191
270 879
270 11
270 18
270 144
270 516
270 654
270 28
271 191
272 1
272 261
272 191
272 127
272 346
272 101
272 466
272 144
272 652
272 256
272 200
272 613
272 324
272 136
272 103
272 195
272 245
272 347
273 398
273 101
274 1
274 144
275 1182
275 256
275 144
276 204
276 402
276 276
276 144
276 466
276 792
276 191
276 1
276 522
276 1431
276 425
276 413
277 354
278 938
278 97
278 357
279 473
280 987
281 103
281 101
281 78
282 103
283 145
283 365
283 594
283 592
283 203
283 391
283 204
283 344
283 618
283 600
283 609
283 200
283 417
283 599
283 430
283 929
283 586
283 160
283 378
283 637
283 756
283 352
283 431
284 354
284 728
285 59
285 510
285 683
285 105
285 633
285 17
285 673
286 137
286 968
286 176
286 261
286 154
286 268
286 180
286 755
286 177
287 377
287 792
288 422
288 97
288 203
288 404
288 261
289 147
289 432
289 600
289 145
289 507
290 97
291 592
291 97
292 937
292 97
292 602
292 268
293 238
293 127
293 237
293 234
293 232
293 233
293 236
293 235
294 968
294 976
295 315
296 315
297 315
297 310
298 792
299 782
300 144
300 652
301 580
302 695
303 1187
304 577
305 1061
305 97
305 377
306 871
307 1353
307 871
308 315
309 209
310 297
311 918
312 195
313 144
314 639
314 314
314 191
314 144
314 1167
315 251
315 968
315 613
315 295
315 297
315 252
315 316
315 208
315 207
315 205
315 320
315 161
315 253
315 308
315 158
315 296
316 315
317 1416
317 191
317 144
318 410
318 631
318 798
318 411
319 792
320 315
321 1144
321 70
322 368
322 1146
322 323
323 1146
323 322
324 144
324 1
324 191
324 402
324 729
324 346
324 466
324 652
324 256
324 509
324 403
324 23
324 438
324 501
324 539
324 350
324 97
324 570
324 464
324 510
324 513
324 417
324 430
324 272
324 146
324 377
324 101
324 103
324 508
324 555
324 326
324 401
324 467
324 324
324 834
324 334
324 325
324 556
324 558
324 840
324 838
324 340
324 336
324 335
324 342
324 343
324 561
324 338
324 547
324 337
324 546
324 333
324 637
324 347
324 554
325 401
325 324
326 401
326 324
326 327
326 856
326 997
326 336
326 560
326 331
326 531
327 401
327 326
328 401
329 401
329 329
329 834
329 560
330 401
330 101
331 401
331 326
331 341
332 401
333 837
333 549
333 1303
333 324
334 336
334 856
334 324
334 559
334 457
334 334
334 995
335 996
335 549
335 336
335 837
335 324
336 340
336 97
336 377
336 728
336 403
336 466
336 834
336 326
336 402
336 191
336 334
336 857
336 531
336 556
336 558
336 838
336 335
336 336
336 553
336 144
336 324
336 343
336 561
336 338
336 546
336 552
336 554
336 566
337 548
337 337
337 549
337 837
337 324
338 336
338 324
339 401
340 350
340 336
340 996
340 70
340 340
340 324
340 552
341 331
342 324
343 570
343 343
343 336
343 324
344 601
344 510
344 283
344 609
344 729
344 261
344 191
345 464
346 1161
346 97
346 245
346 466
346 272
346 324
346 1
346 1136
346 101
346 1396
346 377
346 900
346 1094
346 1069
346 402
346 527
346 1270
346 677
346 792
346 1172
346 144
346 191
346 873
346 1259
346 1263
346 1262
346 1117
346 1126
346 1128
346 1320
346 1334
346 1254
346 1462
346 1413
346 1432
346 658
346 689
346 1018
346 1073
346 1075
346 1112
346 690
346 1072
346 1132
346 1074
346 1017
346 19
346 43
346 815
346 728
346 1428
346 1140
346 574
346 667
346 515
346 802
346 1158
346 1187
346 1076
347 1332
347 97
347 377
347 402
347 101
347 144
347 466
347 792
347 272
347 324
347 191
347 1
348 64
349 780
349 450
349 1109
349 461
350 340
350 324
350 70
351 510
351 402
351 256
352 283
353 191
353 792
353 64
353 443
354 261
354 968
354 204
354 257
354 918
354 83
354 728
354 64
354 101
354 145
354 240
354 195
354 592
354 284
354 277
354 263
355 988
355 261
356 968
356 600
356 356
356 976
356 967
357 278
358 358
358 591
358 1100
359 1
359 1033
360 74
361 144
362 144
362 660
362 54
363 730
363 363
363 128
364 365
364 377
364 402
364 101
364 466
364 1
364 792
364 191
364 639
364 97
364 144
364 256
364 642
364 245
364 647
364 645
364 640
364 644
364 643
364 728
364 646
364 813
364 641
364 78
364 366
365 432
365 364
365 283
365 599
365 609
365 261
365 137
366 364
367 676
367 64
368 1146
368 322
369 543
370 466
371 913
371 371
371 191
371 144
372 144
373 256
374 844
374 184
374 831
375 1179
375 792
375 1255
375 1139
375 912
375 882
376 145
377 144
377 1
377 792
377 364
377 729
377 191
377 573
377 256
377 522
377 580
377 671
377 402
377 346
377 638
377 465
377 681
377 877
377 632
377 438
377 78
377 728
377 422
377 184
377 501
377 70
377 539
377 747
377 89
377 22
377 336
377 600
377 631
377 85
377 535
377 97
377 510
377 613
377 464
377 599
377 430
377 404
377 723
377 417
377 695
377 347
377 509
377 652
377 718
377 874
377 324
377 101
377 458
377 913
377 803
377 830
377 103
377 496
377 110
377 130
377 508
377 407
377 686
377 549
377 656
377 53
377 534
377 466
377 569
377 467
377 139
377 149
377 305
377 543
377 637
377 731
377 651
377 753
377 500
377 696
377 669
377 287
377 446
378 283
379 240
380 240
381 240
382 240
383 240
384 240
385 240
386 240
387 240
388 240
389 614
389 144
390 596
390 256
391 592
391 191
391 466
391 283
391 609
391 596
391 600
391 391
391 144
391 983
391 1
391 959
391 775
391 939
392 200
393 195
393 609
393 600
394 592
394 804
395 592
395 513
396 191
396 396
396 466
396 1055
396 144
397 1182
397 652
398 144
398 78
398 273
399 1182
400 400
400 728
400 402
401 328
401 968
401 728
401 326
401 329
401 327
401 330
401 324
401 560
401 332
401 325
401 331
401 339
402 144
402 1
402 186
402 88
402 803
402 364
402 792
402 324
402 867
402 97
402 466
402 261
402 1228
402 377
402 101
402 191
402 465
402 1286
402 577
402 681
402 877
402 346
402 256
402 245
402 78
402 728
402 870
402 695
402 522
402 184
402 506
402 438
402 731
402 127
402 89
402 70
402 539
402 729
402 416
402 276
402 510
402 464
402 700
402 613
402 513
402 600
402 417
402 599
402 430
402 404
402 723
402 586
402 1206
402 1218
402 1232
402 1276
402 1135
402 1379
402 874
402 458
402 1362
402 1036
402 56
402 136
402 830
402 41
402 103
402 50
402 508
402 632
402 483
402 468
402 407
402 479
402 1221
402 837
402 1241
402 1214
402 53
402 734
402 652
402 496
402 467
402 139
402 718
402 897
402 336
402 1169
402 549
402 1158
402 637
402 347
402 534
402 1032
402 509
402 671
402 351
402 753
402 696
402 400
402 863
402 864
402 1382
402 1350
402 787
402 669
402 446
403 324
403 66
403 656
403 403
403 336
404 613
404 377
404 402
404 101
404 145
404 609
404 966
404 1313
404 964
404 606
404 288
404 747
404 404
404 144
405 792
405 405
405 191
406 191
406 115
407 729
407 377
407 402
408 67
408 1182
408 130
408 1101
409 144
409 409
409 1
410 318
410 64
411 318
412 101
412 64
413 778
413 276
413 929
413 1
414 964
414 613
414 513
415 145
415 261
416 915
416 402
416 933
417 432
417 144
417 101
417 283
417 417
417 466
417 609
417 792
417 402
417 324
417 595
417 377
417 1
418 975
418 145
418 973
418 1313
418 507
419 952
419 435
420 748
421 757
421 953
421 432
421 600
421 421
421 466
421 1
421 619
421 609
421 191
421 770
422 178
422 377
422 422
422 792
422 592
422 261
422 969
422 427
422 764
422 432
422 144
422 145
422 916
422 628
422 200
422 603
422 762
422 426
422 752
422 959
422 586
422 968
422 288
422 616
423 204
423 254
424 97
425 921
425 940
425 1
425 276
425 425
425 1312
426 751
426 422
426 97
427 624
427 422
427 973
427 946
428 204
428 627
429 804
430 432
430 377
430 402
430 101
430 283
430 191
430 609
430 792
430 324
430 948
431 592
431 753
431 283
431 609
432 97
432 779
432 175
432 365
432 592
432 954
432 983
432 917
432 804
432 145
432 422
432 261
432 601
432 918
432 920
432 949
432 289
432 200
432 417
432 430
432 613
432 596
432 922
432 622
432 600
432 421
432 967
433 620
434 150
434 592
434 434
434 261
434 145
435 419
435 257
436 599
436 768
437 14
437 101
437 782
437 437
438 484
438 983
438 377
438 438
438 191
438 901
438 792
438 402
438 466
438 1129
438 101
438 324
438 1
438 624
438 1334
438 1027
438 784
438 1472
438 97
438 245
438 144
438 155
438 1032
438 577
439 170
440 630
440 440
440 144
440 1
441 1210
441 747
441 144
442 505
442 64
442 216
443 353
444 144
444 671
445 466
445 191
445 1
446 504
446 97
446 377
446 402
446 101
446 144
446 466
447 61
447 101
448 101
449 559
449 101
450 349
450 191
451 78
451 1033
451 34
451 451
451 191
451 1
452 785
452 1033
453 842
453 191
453 453
453 792
454 191
455 716
456 144
456 1033
457 334
458 630
458 191
458 97
458 377
458 402
458 144
458 1
458 101
458 466
458 913
458 747
458 508
458 696
458 669
459 169
459 144
459 1009
459 1144
459 912
459 108
459 720
460 144
461 349
461 101
462 25
462 803
463 1
463 64
464 915
464 466
464 885
464 101
464 324
464 402
464 604
464 377
464 792
464 191
464 1
464 695
464 1273
464 144
464 1053
464 1445
464 1176
464 1200
464 97
464 1166
464 1150
464 183
464 269
464 728
464 345
465 23
465 377
465 402
465 728
465 144
465 729
465 149
466 144
466 1
466 792
466 364
466 1142
466 580
466 245
466 729
466 346
466 1230
466 97
466 191
466 324
466 1118
466 892
466 573
466 704
466 518
466 909
466 899
466 402
466 706
466 737
466 1060
466 648
466 1192
466 1226
466 1233
466 1111
466 466
466 1426
466 101
466 1411
466 699
466 1324
466 1256
466 1087
466 1286
466 681
466 1154
466 272
466 1203
466 862
466 1170
466 1323
466 1010
466 1094
466 1069
466 1171
466 1239
466 1301
466 484
466 78
466 1102
466 870
466 1175
466 1253
466 790
466 695
466 1325
466 184
466 128
466 438
466 1458
466 768
466 539
466 731
466 127
466 89
466 652
466 70
466 391
466 787
466 596
466 464
466 276
466 510
466 918
466 417
466 761
466 1224
466 1319
466 1126
466 1194
466 1305
466 1377
466 1340
466 1463
466 1086
466 1088
466 1397
466 1215
466 522
466 458
466 506
466 509
466 1210
466 1036
466 582
466 1461
466 201
466 1168
466 1167
466 136
466 543
466 336
466 35
466 103
466 470
466 194
466 118
466 130
466 508
466 483
466 56
466 585
466 534
466 69
466 670
466 445
466 370
466 377
466 467
466 891
466 1013
466 897
466 149
466 795
466 421
466 619
466 529
466 396
466 736
466 557
466 549
466 1303
466 151
466 347
466 1137
466 187
466 526
466 1166
466 123
466 660
466 694
466 1095
466 475
466 1204
466 192
466 267
466 669
466 839
466 446
466 566
466 499
467 466
467 377
467 144
467 101
467 191
467 324
467 402
468 541
468 483
468 402
469 144
469 792
470 466
470 792
470 809
471 702
471 191
471 169
471 649
471 730
471 661
471 1255
471 825
471 140
471 144
472 853
472 511
473 279
473 736
474 475
475 474
475 466
475 543
476 631
477 101
478 676
478 64
478 478
478 479
479 478
479 402
480 144
480 792
480 256
481 1182
481 685
482 1182
482 64
483 523
483 144
483 466
483 402
483 468
483 710
484 438
484 144
484 466
485 242
485 191
486 792
486 524
486 706
487 25
487 144
487 47
487 135
487 590
488 792
489 191
489 144
490 568
490 496
491 491
491 1
491 191
492 829
492 830
493 191
494 42
494 730
495 568
495 495
495 496
496 1005
496 377
496 101
496 729
496 1007
496 728
496 490
496 402
496 190
496 495
497 538
497 782
498 144
498 669
499 466
499 191
500 530
500 377
500 564
501 695
501 1
501 97
501 377
501 191
501 324
501 101
502 1398
502 191
502 144
503 191
504 527
504 504
504 792
504 446
505 191
505 505
505 216
505 442
506 1111
506 402
506 506
506 466
507 289
507 145
507 418
508 24
508 377
508 402
508 508
508 458
508 466
508 792
508 324
508 1
509 707
509 245
509 324
509 78
509 1315
509 377
509 466
509 191
509 1056
509 788
509 101
509 905
509 509
509 402
509 792
509 536
509 202
509 906
509 888
510 885
510 779
510 377
510 402
510 466
510 956
510 191
510 1
510 344
510 101
510 324
510 144
510 792
510 245
510 285
510 568
510 351
511 472
511 70
512 581
512 64
513 765
513 402
513 191
513 101
513 324
513 772
513 395
513 145
513 609
513 754
513 925
513 592
513 622
513 928
513 777
513 931
513 613
513 513
513 572
513 548
513 414
514 191
515 346
515 515
515 1
516 270
517 66
517 729
518 792
518 518
518 466
519 581
519 64
520 787
520 570
520 191
521 191
522 1160
522 97
522 245
522 144
522 1
522 377
522 579
522 402
522 276
522 101
522 1209
522 466
522 191
522 1204
522 792
522 1100
522 712
523 541
523 483
524 486
524 191
524 144
525 144
526 466
527 1171
527 346
527 191
527 1390
527 144
527 527
527 101
527 504
528 652
528 670
528 631
529 191
529 466
530 500
531 326
531 336
532 685
532 1109
533 1394
533 191
533 795
534 874
534 144
534 1
534 97
534 377
534 191
534 466
534 264
534 101
534 402
535 1237
535 1
535 535
535 191
535 377
536 509
536 97
537 85
538 7
538 1182
538 64
538 497
538 106
538 811
539 1342
539 377
539 101
539 466
539 324
539 855
539 402
539 1
539 191
539 967
539 1356
539 1027
539 1391
539 1024
539 144
539 792
540 144
540 792
541 523
541 1182
541 468
541 710
542 545
542 728
542 66
542 542
542 570
543 66
543 466
543 191
543 369
543 377
543 144
543 475
544 993
544 1
544 544
544 144
544 191
544 138
544 1003
545 66
545 542
545 830
546 837
546 546
546 336
546 324
547 551
547 548
547 557
547 324
548 547
548 513
548 337
549 555
549 549
549 377
549 834
549 191
549 144
549 838
549 335
549 466
549 402
549 256
549 561
549 337
549 333
549 554
550 553
551 547
552 340
552 336
553 550
553 336
554 336
554 549
554 324
555 837
555 555
555 549
555 324
556 836
556 324
556 146
556 556
556 336
556 838
557 558
557 144
557 466
557 191
557 547
557 557
558 557
558 558
558 336
558 324
558 996
559 449
559 334
560 329
560 856
560 401
560 326
561 324
561 549
561 336
562 572
563 831
564 564
564 184
564 831
564 500
565 184
565 831
566 466
566 336
567 859
567 184
568 728
568 568
568 510
568 792
568 729
568 191
568 1005
568 490
568 495
569 1002
569 377
569 1000
569 1001
570 520
570 324
570 343
570 542
571 792
571 571
571 729
571 842
572 562
572 513
573 466
573 377
574 1
574 346
574 144
575 1012
575 144
575 575
575 768
576 144
577 304
577 729
577 630
577 402
577 101
577 438
578 264
578 578
579 522
580 1216
580 466
580 191
580 1
580 1111
580 144
580 377
580 1327
580 81
580 101
580 881
580 865
580 783
580 301
580 1260
581 8
581 144
581 792
581 256
581 581
581 191
581 512
581 1182
581 519
581 181
581 64
582 1060
582 144
582 466
583 803
583 197
583 32
584 1184
584 718
585 1182
585 816
585 585
585 466
585 890
586 145
586 422
586 144
586 283
586 609
586 402
587 589
588 589
589 588
589 144
589 587
590 487
591 358
591 145
591 261
592 729
592 432
592 747
592 283
592 599
592 609
592 422
592 70
592 391
592 767
592 119
592 938
592 605
592 946
592 951
592 978
592 916
592 942
592 926
592 765
592 603
592 961
592 930
592 752
592 977
592 395
592 754
592 513
592 618
592 291
592 354
592 240
592 263
592 778
592 431
592 595
592 394
592 434
592 1314
592 600
593 971
593 972
594 804
594 283
594 261
594 920
594 609
595 977
595 595
595 417
595 748
595 592
596 391
596 261
596 757
596 596
596 466
596 792
596 983
596 750
596 749
596 432
596 145
596 943
596 775
596 390
597 204
597 599
597 597
597 967
598 945
598 968
598 976
599 365
599 955
599 804
599 592
599 767
599 624
599 916
599 942
599 758
599 961
599 920
599 604
599 200
599 377
599 402
599 101
599 283
599 723
599 609
599 436
599 965
599 752
599 950
599 953
599 963
599 597
600 203
600 377
600 767
600 391
600 978
600 204
600 949
600 402
600 256
600 283
600 609
600 261
600 1
600 289
600 200
600 922
600 618
600 356
600 432
600 393
600 421
600 263
600 592
601 344
601 432
602 292
602 602
602 261
602 967
603 592
603 422
603 969
604 942
604 145
604 464
604 261
604 599
604 609
604 1311
604 728
604 970
605 764
605 592
605 609
606 404
606 606
606 750
607 61
608 61
609 365
609 729
609 203
609 983
609 97
609 804
609 592
609 391
609 767
609 624
609 605
609 204
609 967
609 956
609 613
609 344
609 765
609 969
609 160
609 618
609 920
609 600
609 604
609 283
609 200
609 594
609 417
609 599
609 430
609 404
609 513
609 959
609 586
609 757
609 393
609 421
609 637
609 929
609 431
610 614
611 192
611 144
612 195
613 1310
613 377
613 191
613 609
613 402
613 404
613 432
613 272
613 414
613 315
613 513
613 64
614 263
614 728
614 614
614 389
614 610
614 218
615 201
616 261
616 422
617 617
617 969
617 919
617 760
617 923
618 759
618 283
618 648
618 609
618 592
618 600
618 40
618 261
619 421
619 145
619 193
619 619
619 466
620 932
620 728
620 433
620 952
620 958
620 1309
621 261
622 432
622 513
623 261
624 175
624 427
624 191
624 729
624 144
624 599
624 609
624 975
624 438
624 986
625 240
626 763
626 261
627 428
628 422
629 1182
629 64
630 440
630 577
630 630
630 458
631 476
631 377
631 1
631 631
631 191
631 718
631 144
631 318
631 747
631 792
631 68
631 110
631 26
631 805
631 686
631 142
631 53
631 528
631 101
631 701
631 856
632 682
632 191
632 1
632 144
632 721
632 862
632 377
632 1376
632 1191
632 739
632 402
632 101
632 678
633 1168
633 633
633 285
634 701
634 706
635 191
635 1109
636 648
637 261
637 377
637 402
637 283
637 609
637 729
637 324
638 639
638 377
638 874
639 722
639 364
639 687
639 638
639 662
639 855
639 1355
639 1438
639 314
639 1110
639 821
639 1220
640 364
640 640
640 191
641 364
641 641
641 191
642 85
642 364
642 642
642 191
642 789
643 364
643 643
643 191
644 364
644 644
644 191
645 874
645 645
645 364
646 364
647 364
648 1045
648 466
648 1272
648 618
648 1052
648 636
648 831
648 669
649 471
649 1179
649 649
650 1
651 1
651 377
651 144
652 1141
652 97
652 729
652 324
652 1
652 89
652 272
652 191
652 466
652 1348
652 377
652 528
652 402
652 101
652 300
652 795
652 397
652 2
652 675
653 56
654 270
654 101
655 1
655 64
655 43
656 1
656 779
656 792
656 256
656 184
656 144
656 801
656 830
656 403
656 831
656 377
657 792
658 144
658 346
658 1
658 191
658 1082
659 1168
659 64
660 466
660 660
660 362
661 728
661 471
661 191
661 661
662 144
662 639
663 663
663 191
663 1246
664 136
665 803
666 144
667 1116
667 346
668 144
669 498
669 377
669 466
669 402
669 101
669 648
669 669
669 458
670 528
670 466
671 1385
671 377
671 191
671 144
671 402
671 269
671 1196
671 444
672 144
673 1167
673 285
674 785
675 652
675 101
676 478
676 70
676 367
677 346
677 144
677 191
677 1348
677 1363
678 82
678 632
679 685
680 792
680 186
681 722
681 97
681 1
681 377
681 402
681 101
681 681
681 144
681 466
681 191
681 792
681 256
681 861
681 702
681 245
681 1355
682 1207
682 682
682 632
683 1168
683 285
683 64
684 1204
684 144
685 679
685 144
685 532
685 1252
685 481
686 1182
686 377
686 64
686 631
686 101
687 728
687 792
687 639
687 1
688 1133
688 191
689 346
689 144
689 191
690 144
690 191
690 690
690 346
691 144
691 191
692 144
692 191
693 1
693 1362
693 144
694 45
694 694
694 466
695 1270
695 466
695 792
695 402
695 501
695 1183
695 747
695 377
695 464
695 101
695 302
696 458
696 377
696 144
696 101
696 402
696 1
697 1146
698 1
698 792
698 144
699 466
699 792
700 700
700 885
700 729
700 402
701 631
701 634
701 191
701 701
702 681
702 168
702 702
702 471
702 170
702 728
702 169
702 167
703 1022
703 910
703 1119
703 1041
703 703
704 1141
704 466
704 704
704 706
705 1127
706 704
706 191
706 722
706 144
706 466
706 730
706 1468
706 1148
706 1444
706 1399
706 1395
706 132
706 634
706 706
706 486
706 911
706 742
707 1429
707 707
707 509
707 1099
707 78
707 1143
707 93
707 102
707 1
708 714
708 1109
709 1182
709 77
710 541
710 483
711 1135
711 191
712 733
712 522
713 144
714 708
714 144
715 144
716 144
716 455
717 730
717 169
717 728
718 584
718 747
718 377
718 718
718 144
718 101
718 631
718 792
718 267
718 402
719 101
720 169
720 459
721 144
721 792
721 632
722 681
722 792
722 706
722 639
723 599
723 729
723 377
723 402
723 101
724 144
724 724
724 792
725 792
725 144
726 144
727 191
727 792
728 144
728 175
728 792
728 191
728 909
728 1
728 999
728 687
728 702
728 377
728 402
728 101
728 661
728 128
728 1144
728 912
728 336
728 184
728 246
728 764
728 620
728 762
728 920
728 604
728 929
728 1298
728 1358
728 364
728 160
728 354
728 542
728 568
728 496
728 78
728 465
728 837
728 346
728 401
728 768
728 284
728 897
728 42
728 730
728 614
728 717
728 830
728 400
728 1004
728 464
728 64
729 577
729 592
729 377
729 245
729 101
729 144
729 466
729 609
729 261
729 324
729 792
729 1
729 191
729 652
729 805
729 741
729 1236
729 851
729 624
729 402
729 700
729 344
729 723
729 517
729 568
729 496
729 465
729 407
729 149
729 637
729 830
729 571
729 1164
729 1016
729 1100
730 882
730 471
730 730
730 706
730 494
730 728
730 717
730 363
731 819
731 1
731 191
731 144
731 466
731 402
731 747
731 377
732 792
733 712
734 402
735 1382
735 191
736 96
736 466
736 144
736 473
737 466
737 144
738 121
738 64
738 101
738 95
738 165
738 170
738 902
738 1092
738 173
738 1067
738 108
738 1093
739 79
739 632
740 144
741 729
741 144
741 1
742 1113
742 706
743 191
743 743
743 792
744 144
744 744
744 191
744 1
745 144
746 70
747 877
747 592
747 144
747 377
747 101
747 765
747 695
747 718
747 441
747 458
747 631
747 731
747 404
748 420
748 595
748 762
749 596
749 965
750 606
750 596
751 145
751 426
751 751
751 772
752 592
752 422
752 599
752 960
753 431
753 377
753 402
753 101
753 885
754 592
754 513
754 757
755 286
756 283
757 938
757 757
757 596
757 261
757 145
757 421
757 609
757 754
757 1312
758 969
758 599
759 771
759 145
759 618
760 617
760 983
761 986
761 792
761 466
761 761
761 191
762 961
762 191
762 144
762 422
762 728
762 748
763 989
763 626
763 1152
764 605
764 261
764 422
764 728
765 592
765 747
765 765
765 513
765 609
766 204
767 776
767 592
767 600
767 244
767 200
767 199
767 599
767 609
767 937
768 575
768 466
768 436
768 768
768 157
768 728
769 917
769 261
769 769
769 983
770 421
771 759
771 927
772 751
772 513
773 925
774 983
775 1006
775 391
775 596
776 767
777 513
778 592
778 199
778 778
778 413
779 656
779 432
779 510
779 261
780 349
780 144
781 144
782 14
782 792
782 782
782 191
782 497
782 1
782 437
782 78
782 1070
782 814
782 1039
782 815
782 265
782 299
783 580
784 438
784 144
785 144
785 1285
785 674
785 452
786 792
787 520
787 191
787 787
787 144
787 466
787 1
787 792
787 402
788 78
788 788
788 509
788 1
789 642
790 877
790 790
790 144
790 466
790 792
791 791
791 144
791 877
792 144
792 1
792 1436
792 101
792 191
792 803
792 377
792 466
792 364
792 728
792 402
792 256
792 1335
792 1216
792 1051
792 1213
792 1160
792 729
792 1161
792 1230
792 1284
792 1118
792 656
792 698
792 1107
792 1141
792 1080
792 319
792 518
792 828
792 1275
792 909
792 1271
792 1261
792 875
792 1185
792 1237
792 1091
792 899
792 999
792 725
792 540
792 1331
792 1371
792 867
792 743
792 75
792 1215
792 1178
792 1201
792 1404
792 1343
792 1231
792 786
792 722
792 687
792 1274
792 994
792 1242
792 1151
792 1125
792 1345
792 1114
792 1207
792 1060
792 727
792 1045
792 1381
792 1192
792 1226
792 1136
792 1330
792 1162
792 1329
792 721
792 1233
792 1283
792 1454
792 1090
792 1111
792 1364
792 1453
792 1025
792 732
792 1392
792 1361
792 1385
792 1415
792 1272
792 1411
792 817
792 1046
792 469
792 1396
792 1266
792 1384
792 1380
792 1265
792 860
792 1258
792 1299
792 57
792 1369
792 699
792 1304
792 1268
792 1389
792 266
792 1448
792 1324
792 1293
792 1011
792 1443
792 1429
792 1456
792 1256
792 39
792 1087
792 681
792 1154
792 1203
792 862
792 1170
792 1323
792 894
792 1010
792 1079
792 1094
792 877
792 1171
792 1301
792 1302
792 1365
792 1186
792 870
792 790
792 422
792 375
792 695
792 346
792 438
792 486
792 819
792 127
792 70
792 1236
792 596
792 276
792 1086
792 464
792 417
792 430
792 761
792 1282
792 1225
792 1088
792 718
792 1403
792 1029
792 1467
792 510
792 680
792 581
792 782
792 103
792 258
792 631
792 470
792 568
792 508
792 353
792 49
792 480
792 891
792 897
792 1127
792 539
792 219
792 347
792 504
792 509
792 243
792 298
792 63
792 657
792 724
792 136
792 262
792 405
792 1321
792 1133
792 488
792 522
792 287
792 571
792 453
792 787
793 1
794 144
795 1245
795 795
795 1
795 652
795 533
795 1115
795 466
796 144
797 144
797 821
798 1182
798 318
798 64
799 179
799 191
799 101
799 84
799 210
799 1243
799 1143
799 1015
800 64
801 656
801 144
802 346
802 802
802 191
802 1250
803 223
803 97
803 792
803 64
803 402
803 1
803 462
803 377
803 101
803 136
803 127
803 16
803 191
803 129
803 32
803 10
803 104
803 665
803 230
803 222
803 60
803 46
803 51
803 196
803 71
803 47
803 65
803 120
803 583
803 123
803 229
803 864
803 241
803 107
803 224
804 917
804 1
804 594
804 599
804 609
804 432
804 951
804 1308
804 429
804 394
805 247
805 729
805 95
805 805
805 631
805 191
805 1105
806 1
807 1
808 1182
808 191
809 1051
809 144
809 809
809 1
809 470
809 1165
810 144
811 538
811 56
812 144
813 364
814 782
814 874
815 782
815 346
816 585
816 874
817 817
817 792
818 144
819 731
819 819
819 792
820 820
820 144
820 1
821 797
821 821
821 144
821 639
822 144
822 56
823 256
823 1167
823 64
824 1
825 169
825 471
826 1
826 144
827 144
828 792
829 492
829 852
830 545
830 377
830 402
830 656
830 492
830 728
830 830
830 729
831 845
831 656
831 144
831 648
831 846
831 831
831 563
831 848
831 847
831 833
831 564
831 849
831 992
831 374
831 832
831 850
831 565
832 831
832 832
832 184
833 831
834 329
834 549
834 336
834 324
834 835
835 834
836 857
836 556
837 555
837 728
837 144
837 402
837 335
837 837
837 337
837 546
837 333
838 336
838 549
838 838
838 324
838 556
839 839
839 466
840 324
841 854
841 841
841 1004
842 854
842 842
842 453
842 571
842 1004
843 990
843 64
843 101
844 844
844 855
844 998
844 374
845 831
846 831
847 831
848 831
849 831
850 831
851 855
851 729
852 829
852 64
852 852
852 1063
853 472
854 842
854 841
855 844
855 855
855 851
855 639
855 539
856 560
856 1063
856 326
856 334
856 631
856 995
857 857
857 336
857 836
858 1236
859 567
860 191
860 792
861 1
861 681
861 861
862 877
862 862
862 466
862 792
862 632
863 1076
863 863
863 402
864 803
864 864
864 402
864 52
865 865
865 144
865 580
866 144
867 402
867 792
868 191
869 144
869 191
869 78
869 1339
869 219
870 792
870 402
870 870
870 466
871 307
871 144
871 306
871 871
872 1146
873 1012
873 346
874 645
874 534
874 874
874 377
874 402
874 638
874 816
874 814
874 1155
875 792
876 892
876 1047
877 1154
877 377
877 402
877 101
877 1203
877 747
877 862
877 1170
877 894
877 1010
877 1094
877 1069
877 792
877 1171
877 1239
877 1302
877 791
877 1365
877 1102
877 790
878 1387
878 878
878 1056
879 270
880 1475
880 1109
881 580
882 169
882 882
882 730
882 375
883 883
883 191
884 144
885 700
885 510
885 464
885 1086
885 753
886 144
886 1086
887 70
888 1
888 509
889 1
890 585
891 466
891 792
891 191
892 1107
892 144
892 466
892 876
893 78
894 792
894 877
894 191
895 144
896 144
897 898
897 728
897 191
897 144
897 466
897 897
897 792
897 402
898 897
898 52
899 144
899 792
899 466
899 191
900 1456
900 900
900 144
900 346
900 191
901 1
901 438
902 171
902 738
903 1
904 1
905 509
905 1
906 509
907 144
907 256
907 191
908 144
909 728
909 144
909 792
909 466
910 703
910 191
910 910
911 144
911 706
912 728
912 912
912 459
912 375
913 371
913 458
913 377
913 144
914 144
915 416
915 915
915 464
916 592
916 422
916 967
916 599
917 432
917 917
917 178
917 769
917 804
918 311
918 432
918 191
918 144
918 261
918 466
918 354
919 955
919 617
919 70
919 934
920 987
920 432
920 728
920 594
920 599
920 609
921 425
922 432
922 600
922 922
922 967
922 983
922 1308
923 617
924 933
925 773
925 513
926 592
927 771
927 957
928 513
929 962
929 283
929 728
929 959
929 413
929 609
930 981
930 592
931 513
932 620
933 924
933 204
933 416
933 933
934 955
934 203
934 919
934 954
935 201
935 963
936 947
936 119
937 292
937 937
937 767
938 145
938 278
938 592
938 757
939 391
940 425
940 261
941 1100
942 592
942 967
942 604
942 599
943 261
943 596
944 963
945 598
945 945
945 192
946 592
946 427
947 936
948 430
949 432
949 600
950 599
951 592
951 804
952 419
952 620
953 421
953 599
954 955
954 432
954 934
955 919
955 954
955 934
955 599
956 510
956 609
957 927
957 957
957 984
958 620
959 983
959 959
959 422
959 391
959 929
959 609
959 989
960 752
960 1
961 592
961 762
961 599
962 966
962 929
963 935
963 200
963 599
963 963
963 983
963 944
964 414
964 404
965 749
965 599
966 404
966 962
967 916
967 144
967 1
967 609
967 539
967 942
967 602
967 922
967 356
967 432
967 597
968 354
968 175
968 160
968 201
968 422
968 315
968 286
968 110
968 118
968 125
968 401
968 356
968 61
968 157
968 182
968 294
968 598
969 617
969 261
969 969
969 1
969 422
969 758
969 609
969 603
970 604
971 593
971 1
972 593
972 144
973 418
973 973
973 427
974 22
975 418
975 624
976 201
976 144
976 110
976 1182
976 356
976 61
976 182
976 294
976 598
977 592
977 595
978 592
978 600
978 978
978 145
979 980
980 979
980 145
981 930
982 145
983 438
983 432
983 609
983 760
983 391
983 769
983 774
983 261
983 596
983 97
983 922
983 959
983 963
983 1314
984 957
984 1149
985 240
986 761
986 624
987 920
987 280
988 355
989 763
989 959
990 256
990 843
991 144
991 167
992 831
992 992
992 184
993 544
994 792
995 334
995 856
996 558
996 335
996 340
997 326
998 844
999 728
999 792
1000 569
1001 569
1002 569
1003 544
1004 841
1004 728
1004 842
1005 568
1005 496
1006 775
1007 496
1008 184
1009 459
1010 256
1010 877
1010 1010
1010 466
1010 792
1011 792
1012 575
1012 873
1013 78
1013 1013
1013 466
1014 144
1014 256
1014 191
1015 799
1016 729
1016 144
1017 144
1017 346
1018 144
1018 346
1019 52
1019 1219
1020 144
1021 144
1022 703
1023 144
1023 1033
1023 1023
1023 1
1024 70
1024 539
1025 144
1025 792
1026 256
1027 438
1027 539
1027 144
1027 191
1028 144
1028 36
1028 1182
1028 1028
1028 64
1028 1221
1029 144
1029 792
1030 170
1031 144
1031 256
1032 438
1032 191
1032 144
1032 1
1032 402
1033 1341
1033 64
1033 359
1033 45
1033 1023
1033 451
1033 1109
1033 456
1033 1182
1033 1249
1033 1280
1033 1285
1033 1049
1033 452
1034 144
1034 256
1034 1
1035 1146
1036 144
1036 191
1036 466
1036 402
1037 1459
1037 144
1038 1182
1039 782
1040 1
1040 144
1041 1127
1041 703
1042 1
1043 144
1044 144
1045 792
1045 648
1046 144
1046 792
1047 876
1047 191
1048 144
1049 1033
1050 191
1051 809
1051 792
1052 1349
1052 648
1053 144
1053 464
1054 49
1054 1182
1054 144
1055 101
1055 396
1056 878
1056 509
1056 1
1057 78
1058 70
1059 1
1060 792
1060 466
1060 78
1060 191
1060 582
1061 305
1061 144
1062 64
1063 856
1063 64
1063 101
1063 852
1064 144
1065 191
1066 1071
1066 191
1067 738
1068 144
1069 346
1069 877
1069 466
1069 1069
1070 1473
1070 782
1071 1066
1072 144
1072 191
1072 1072
1072 346
1073 144
1073 346
1073 191
1074 1
1074 191
1074 144
1074 1074
1074 346
1075 1471
1075 144
1075 191
1075 1075
1075 346
1076 863
1076 346
1076 144
1077 191
1077 144
1078 144
1078 191
1079 792
1079 1079
1079 1186
1079 144
1079 77
1080 144
1080 792
1080 1155
1081 144
1082 658
1083 1083
1083 144
1083 213
1084 19
1084 64
1084 1116
1085 191
1086 885
1086 1086
1086 144
1086 792
1086 886
1086 466
1086 1
1086 191
1086 1366
1086 1358
1087 148
1087 191
1087 1087
1087 144
1087 466
1087 792
1087 1
1087 1325
1088 1405
1088 1088
1088 466
1088 792
1088 191
1088 1
1089 1238
1089 191
1089 1089
1089 1
1089 1421
1089 144
1090 792
1091 792
1092 738
1093 738
1094 877
1094 1094
1094 792
1094 191
1094 466
1094 346
1094 1476
1095 466
1095 191
1095 78
1096 191
1096 144
1097 144
1097 256
1098 144
1099 707
1099 1099
1099 64
1099 101
1099 1
1100 941
1100 522
1100 358
1100 729
1101 408
1101 1102
1102 466
1102 877
1102 1101
1103 149
1104 256
1104 64
1105 805
1105 168
1106 128
1106 169
1107 792
1107 892
1108 256
1108 144
1109 349
1109 1033
1109 708
1109 532
1109 635
1109 880
1110 639
1111 1111
1111 792
1111 580
1111 191
1111 466
1111 506
1112 1
1112 191
1112 1112
1112 346
1113 78
1113 742
1114 191
1114 1114
1114 792
1115 1115
1115 149
1115 795
1116 667
1116 1084
1117 346
1117 144
1118 466
1118 792
1119 703
1120 1225
1121 1
1122 1
1123 1
1124 1
1125 792
1126 466
1126 346
1126 144
1127 705
1127 792
1127 1041
1128 346
1128 144
1129 438
1129 144
1130 144
1131 144
1131 191
1132 346
1133 688
1133 1133
1133 792
1134 144
1135 144
1135 1135
1135 402
1135 711
1136 346
1136 792
1137 466
1138 144
1139 375
1139 1139
1139 171
1140 346
1141 652
1141 792
1141 704
1142 466
1143 1182
1143 799
1143 707
1144 728
1144 321
1144 459
1145 1168
1146 872
1146 1182
1146 368
1146 322
1146 191
1146 78
1146 323
1146 1035
1146 697
1146 1195
1147 1182
1148 144
1148 706
1149 984
1149 191
1150 464
1151 792
1152 763
1152 1
1153 144
1154 1154
1154 466
1154 877
1154 792
1154 270
1155 1080
1155 191
1155 1
1155 144
1155 874
1156 144
1157 1198
1157 191
1158 402
1158 346
1159 144
1160 522
1160 792
1161 346
1161 792
1162 144
1162 191
1162 792
1163 191
1164 729
1165 1
1165 1165
1165 809
1166 144
1166 466
1166 464
1167 823
1167 1182
1167 101
1167 4
1167 64
1167 466
1167 35
1167 59
1167 31
1167 58
1167 105
1167 314
1167 21
1167 673
1168 22
1168 64
1168 101
1168 17
1168 1182
1168 466
1168 1145
1168 659
1168 683
1168 633
1169 402
1169 191
1170 877
1170 1170
1170 792
1170 466
1171 1171
1171 466
1171 877
1171 792
1171 527
1172 346
1173 1181
1173 144
1174 144
1175 466
1175 191
1176 1
1176 1176
1176 464
1177 191
1178 792
1179 649
1179 375
1180 144
1180 191
1180 1180
1180 1
1181 1173
1181 191
1182 89
1182 175
1182 64
1182 101
1182 1167
1182 24
1182 13
1182 1168
1182 538
1182 11
1182 179
1182 1028
1182 52
1182 45
1182 581
1182 9
1182 68
1182 118
1182 84
1182 408
1182 15
1182 709
1182 210
1182 26
1182 1033
1182 541
1182 248
1182 482
1182 1243
1182 686
1182 585
1182 808
1182 976
1182 399
1182 1054
1182 1279
1182 798
1182 1146
1182 275
1182 1143
1182 397
1182 1038
1182 1353
1182 481
1182 1402
1182 629
1182 1147
1183 695
1183 144
1184 584
1185 256
1185 792
1186 1079
1186 217
1186 792
1187 303
1187 346
1188 144
1188 1
1189 144
1190 144
1191 144
1191 1191
1191 632
1192 466
1192 792
1193 1193
1193 144
1194 144
1194 466
1195 1146
1196 671
1197 256
1198 1157
1199 144
1200 1
1200 464
1201 792
1202 191
1202 144
1203 877
1203 1203
1203 466
1203 792
1204 684
1204 1204
1204 466
1204 522
1205 144
1206 402
1206 144
1207 1207
1207 792
1207 682
1208 64
1209 144
1209 522
1210 441
1210 466
1211 1
1211 144
1212 144
1212 256
1213 792
1214 402
1214 52
1215 144
1215 792
1215 466
1216 792
1216 580
1217 144
1218 402
1218 144
1219 52
1219 1019
1220 639
1220 1220
1220 144
1221 402
1221 1028
1222 144
1222 1
1223 144
1224 1408
1224 1224
1224 466
1224 191
1224 1
1225 1120
1225 191
1225 1225
1225 1
1225 792
1225 144
1226 792
1226 1226
1226 466
1227 64
1228 402
1229 1319
1229 1229
1229 144
1230 466
1230 792
1231 144
1231 792
1232 402
1233 466
1233 792
1234 144
1235 144
1236 858
1236 792
1236 1236
1236 729
1237 792
1237 535
1238 144
1238 1089
1239 466
1239 256
1239 1300
1239 877
1240 144
1241 402
1241 144
1242 144
1242 792
1243 1182
1243 799
1244 144
1245 1245
1245 78
1245 795
1246 663
1246 144
1247 144
1248 70
1248 144
1249 1033
1250 802
1250 1250
1250 1
1251 144
1252 1
1252 685
1253 466
1253 78
1254 1420
1254 346
1255 375
1255 1255
1255 169
1255 471
1256 466
1256 792
1257 1
1257 144
1258 792
1259 346
1259 144
1260 580
1261 144
1261 792
1262 346
1263 346
1263 144
1264 144
1265 792
1266 144
1266 792
1267 1
1268 792
1269 121
1270 144
1270 346
1270 695
1270 191
1271 792
1272 792
1272 648
1273 144
1273 464
1274 792
1275 792
1276 402
1276 144
1277 144
1277 70
1278 144
1279 1182
1280 1033
1281 144
1282 792
1283 144
1283 191
1283 792
1284 792
1284 1339
1285 1033
1285 785
1286 148
1286 191
1286 1286
1286 144
1286 402
1286 466
1286 1
1286 1441
1287 144
1287 1
1288 144
1289 144
1290 144
1291 144
1292 1
1292 78
1293 144
1293 792
1294 1
1294 144
1295 78
1296 144
1297 70
1297 144
1298 728
1298 144
1299 144
1299 792
1300 1239
1301 466
1301 792
1302 877
1302 1302
1302 144
1302 792
1303 144
1303 333
1303 466
1304 792
1305 466
1305 144
1306 200
1306 1306
1306 119
1307 240
1308 922
1308 804
1309 620
1310 145
1310 613
1311 604
1312 757
1312 425
1313 418
1313 404
1314 592
1314 1314
1314 983
1315 144
1315 509
1316 258
1316 1
1317 144
1318 144
1318 64
1319 1229
1319 191
1319 466
1320 144
1320 346
1321 1321
1321 792
1322 144
1323 466
1323 792
1324 466
1324 792
1325 466
1325 1087
1326 144
1327 580
1328 144
1329 792
1330 792
1331 144
1331 792
1332 347
1332 144
1333 144
1333 191
1334 438
1334 346
1334 144
1335 792
1336 144
1337 144
1337 191
1338 191
1339 869
1339 1339
1339 1284
1340 191
1340 144
1340 466
1341 1033
1342 144
1342 539
1343 256
1343 792
1344 149
1345 144
1345 792
1346 144
1346 191
1346 1445
1347 191
1347 144
1348 652
1348 677
1349 144
1349 1052
1350 402
1351 144
1352 1364
1352 191
1352 1384
1353 307
1353 1182
1354 144
1354 191
1355 681
1355 639
1356 144
1356 539
1357 144
1358 1358
1358 728
1358 1086
1359 256
1360 1360
1360 78
1361 792
1362 402
1362 693
1363 144
1363 677
1364 792
1364 1352
1365 877
1365 1365
1365 792
1366 1086
1367 144
1367 191
1368 144
1369 191
1369 792
1370 144
1371 191
1371 792
1372 144
1372 191
1373 144
1374 144
1374 78
1375 144
1375 1
1376 144
1376 632
1377 78
1377 191
1377 144
1377 466
1378 144
1379 144
1379 402
1380 792
1381 792
1382 402
1382 735
1383 191
1383 144
1384 792
1384 1352
1385 792
1385 671
1386 144
1387 878
1387 78
1388 1
1389 792
1390 527
1391 144
1391 539
1392 144
1392 191
1392 792
1393 1
1393 32
1394 533
1395 144
1395 706
1396 346
1396 792
1397 466
1397 144
1398 144
1398 502
1399 706
1400 144
1401 144
1402 1182
1403 144
1403 792
1404 191
1404 792
1405 144
1405 1088
1406 1
1407 144
1407 1407
1407 70
1408 144
1408 1224
1409 144
1409 70
1410 144
1410 191
1411 792
1411 1411
1411 466
1412 144
1412 191
1413 346
1413 144
1414 144
1415 792
1416 144
1416 317
1417 144
1418 78
1419 1
1419 144
1420 144
1420 1254
1421 1089
1422 144
1423 78
1423 1423
1423 144
1424 144
1425 144
1426 466
1427 186
1428 346
1429 792
1429 707
1430 144
1431 276
1432 346
1432 144
1433 144
1433 191
1434 144
1435 144
1436 1
1436 792
1437 78
1437 144
1438 639
1439 78
1439 144
1440 144
1441 144
1441 1286
1442 78
1442 144
1443 792
1444 144
1444 706
1445 1346
1445 464
1446 101
1447 78
1448 1448
1448 792
1449 144
1450 191
1450 144
1451 144
1452 144
1453 792
1453 144
1454 792
1455 1
1455 144
1456 792
1456 900
1457 144
1458 466
1458 191
1459 1459
1459 1037
1460 144
1461 466
1462 144
1462 346
1463 144
1463 466
1464 144
1465 144
1466 191
1466 144
1467 144
1467 792
1468 144
1468 706
1469 191
1469 144
1470 144
1471 1075
1472 438
1473 1070
1474 144
1475 880
1476 1094
