2059 4499
1 1
1 7
1 10
1 12
1 19
1 27
1 32
1 35
1 36
1 48
1 56
1 67
1 76
1 77
1 97
1 99
1 125
1 130
1 131
1 142
1 144
1 145
1 158
1 159
1 160
1 171
1 175
1 180
1 184
1 201
1 218
1 227
1 233
1 237
1 248
1 254
1 261
1 265
1 271
1 276
1 281
1 293
1 305
1 315
1 316
1 322
1 327
1 330
1 333
1 340
1 345
1 347
1 363
1 375
1 379
1 386
1 396
1 418
1 443
1 444
1 452
1 464
1 473
1 482
1 497
1 500
1 503
1 509
1 511
1 522
1 529
1 533
1 541
1 542
1 546
1 547
1 557
1 564
1 574
1 575
1 580
1 581
1 588
1 589
1 590
1 618
1 624
1 625
1 628
1 629
1 637
1 647
1 651
1 677
1 692
1 695
1 696
1 722
1 723
1 728
1 729
1 733
1 736
1 750
1 761
1 794
1 806
1 809
1 813
1 820
1 823
1 840
1 853
1 863
1 864
1 881
1 891
1 897
1 912
1 915
1 925
1 926
1 928
1 933
1 934
1 953
1 961
1 973
1 974
1 992
1 1007
1 1016
1 1026
1 1032
1 1037
1 1044
1 1074
1 1079
1 1080
1 1083
1 1089
1 1092
1 1121
1 1126
1 1130
1 1133
1 1143
1 1159
1 1162
1 1164
1 1174
1 1177
1 1178
1 1194
1 1195
1 1196
1 1206
1 1214
1 1228
1 1253
1 1260
1 1264
1 1269
1 1287
1 1322
1 1327
1 1330
1 1337
1 1348
1 1356
1 1361
1 1368
1 1369
1 1370
1 1382
1 1401
1 1412
1 1413
1 1427
1 1459
1 1467
1 1477
1 1497
1 1498
1 1502
1 1506
1 1508
1 1510
1 1512
1 1515
1 1518
1 1525
1 1526
1 1528
1 1531
1 1543
1 1552
1 1556
1 1557
1 1565
1 1592
1 1594
1 1595
1 1596
1 1598
1 1604
1 1614
1 1615
1 1618
1 1621
1 1636
1 1638
1 1640
1 1669
1 1673
1 1675
1 1676
1 1684
1 1695
1 1700
1 1711
1 1722
1 1743
1 1750
1 1753
1 1754
1 1758
1 1759
1 1766
1 1771
1 1776
1 1777
1 1784
1 1794
1 1797
1 1801
1 1816
1 1823
1 1837
1 1854
1 1861
1 1863
1 1882
1 1891
1 1900
1 1901
1 1907
1 1911
1 1912
1 1913
1 1924
1 1941
1 1959
1 1974
1 1979
1 1986
1 1996
1 2000
1 2001
1 2003
1 2007
1 2009
1 2022
1 2023
1 2024
1 2025
1 2026
1 2027
1 2028
1 2029
1 2030
1 2031
1 2032
1 2037
1 2040
1 2044
2 192
3 115
3 117
4 171
4 1164
4 1606
5 1357
6 274
6 275
6 276
6 277
6 1203
7 12
7 67
7 90
7 94
7 279
7 679
7 902
7 1138
7 1413
7 1418
7 1556
7 1557
7 1678
8 1174
9 1542
10 322
10 1733
11 1413
12 28
12 96
12 142
12 160
12 184
12 301
12 395
12 468
12 506
12 538
12 562
12 685
12 733
12 769
12 898
12 1010
12 1076
12 1366
12 1401
12 1413
12 1418
12 1445
12 1557
12 1678
12 1712
12 1767
12 1795
12 1858
12 1859
12 1890
12 1938
12 1980
13 301
13 1076
13 1557
14 22
14 27
14 237
14 518
14 534
14 535
14 595
14 610
14 919
14 1026
14 1414
14 1652
14 1655
14 1658
14 1661
14 1662
14 1665
14 1766
14 1776
14 1780
14 1781
14 1784
14 1865
14 1935
15 1205
15 1488
16 1937
17 182
17 802
17 1619
18 714
18 1694
18 1885
20 1172
21 2001
22 535
22 1122
22 1733
22 1766
22 1771
22 1776
22 1780
22 1781
23 263
23 299
23 966
23 1631
23 1642
23 1698
24 213
24 2039
25 221
25 685
26 771
28 46
28 301
28 1678
29 229
29 1866
30 1548
30 1903
31 538
31 685
31 1711
31 1715
31 1716
31 1718
33 216
33 1885
33 1887
34 575
35 575
36 529
36 1077
37 225
38 1374
39 623
39 844
39 845
39 846
40 1129
40 1584
40 1896
41 42
41 43
41 44
41 45
41 46
41 225
41 228
41 231
41 232
41 404
42 43
42 44
42 45
42 225
42 228
42 231
42 232
42 404
43 44
43 45
43 46
43 225
43 228
43 231
43 232
43 396
43 404
43 637
44 45
44 46
44 228
44 231
44 232
44 404
45 46
45 225
45 228
45 231
45 232
45 404
46 225
46 228
47 50
47 51
47 54
47 55
47 126
47 1142
48 52
48 303
48 505
48 1191
48 1938
49 1963
50 54
50 798
51 52
51 303
51 597
51 680
51 681
51 1026
51 1797
51 1941
52 354
53 125
55 126
55 128
55 1697
57 1679
57 1680
57 1681
57 1682
58 66
58 69
58 518
59 60
59 63
59 64
59 68
59 264
59 677
59 1174
61 65
61 70
61 1939
61 1969
62 65
62 1939
63 68
64 68
65 70
66 69
67 323
67 644
67 1412
67 1413
67 1557
67 1670
67 1695
67 1752
71 72
73 335
74 75
74 76
74 78
74 94
74 95
74 902
75 76
75 78
75 79
75 94
75 95
75 902
76 78
76 79
76 94
76 95
76 900
76 902
77 742
77 808
78 79
78 94
78 95
78 293
78 323
78 902
79 94
79 95
79 900
79 902
80 81
80 145
80 146
80 167
80 410
80 1467
80 1468
82 1675
83 85
84 254
86 87
86 88
86 786
86 1916
87 562
87 786
87 1916
88 786
89 239
89 548
91 873
92 93
93 694
93 925
94 95
94 323
94 448
94 733
94 900
94 902
94 1675
95 733
95 902
96 453
96 468
96 611
96 613
96 653
96 654
96 1865
97 99
97 1592
97 1594
97 1596
97 1753
97 1754
98 696
99 1592
99 1594
99 1596
99 1753
99 1754
100 179
100 969
100 981
101 1158
102 233
103 613
103 615
103 1216
103 1429
103 1431
103 1432
104 1166
104 1771
105 364
105 365
106 701
106 914
107 184
108 115
108 117
109 115
110 115
110 117
111 115
111 117
112 115
112 117
113 114
113 115
113 117
113 119
113 121
113 122
114 115
114 116
114 117
114 121
114 122
115 116
115 117
115 118
115 119
115 120
115 121
115 122
115 675
115 994
115 1821
116 117
116 1518
117 118
117 119
117 120
117 121
117 122
117 675
117 994
117 1821
119 121
120 121
120 122
121 122
123 211
124 293
125 154
125 555
125 617
125 1212
125 1406
125 1434
126 128
127 128
127 1885
127 1886
128 145
128 990
128 1939
129 763
129 1851
130 763
130 1851
131 1079
131 1580
132 1638
133 189
133 902
134 703
134 857
134 1629
135 160
135 170
135 832
135 833
136 677
136 1580
137 1337
138 557
138 1670
138 1855
138 1856
138 1857
139 1552
140 557
141 169
141 1766
141 1806
142 164
142 165
142 193
142 229
142 241
142 481
142 733
142 1402
142 1461
142 1712
142 1718
142 1752
143 279
144 219
144 221
144 241
144 546
144 1266
144 1267
144 1269
144 1402
144 1447
144 1648
145 167
145 307
145 1249
145 1250
145 1428
145 1467
145 1469
145 1470
145 1471
145 1472
145 1473
145 1489
145 1569
146 148
147 149
147 1876
147 1877
147 1878
147 1879
148 867
150 175
150 223
150 251
150 1797
151 735
152 1885
153 418
153 1130
153 1885
155 208
155 1552
156 763
156 813
156 1851
157 158
157 1712
158 166
158 426
158 490
158 537
158 547
158 708
158 746
158 780
158 870
158 1122
158 1247
158 1367
158 1712
159 1293
160 184
160 241
160 624
160 900
160 1076
160 1266
160 1622
160 1795
161 557
161 869
161 1554
162 218
162 219
162 221
162 240
162 552
163 184
163 624
163 1076
163 1269
163 1587
163 1700
164 241
164 411
164 2044
165 279
165 411
165 867
165 868
167 307
167 1125
167 1249
167 1250
167 1428
167 1467
167 1468
167 1469
167 1470
167 1471
167 1472
167 1473
167 1489
167 1569
167 1735
167 2025
168 1222
168 1357
168 1450
168 1500
168 1520
168 1645
168 1749
168 1750
168 1751
169 1325
169 1766
169 1805
169 1806
171 756
171 761
171 940
171 1146
171 1164
171 1565
171 1573
171 1603
171 1606
171 1610
172 455
173 436
174 176
175 223
175 240
175 382
175 546
175 1797
176 772
177 691
178 557
179 268
179 680
179 739
179 939
179 947
179 957
179 968
180 682
181 289
183 281
184 1622
184 1709
185 1401
186 1401
187 1516
188 913
189 588
189 733
189 736
189 1494
189 1712
190 859
191 859
192 879
192 1282
193 197
193 214
193 239
193 852
193 949
193 950
194 214
194 1693
195 709
196 355
196 2052
196 2053
197 214
197 237
197 239
197 371
197 852
197 949
197 950
197 961
197 1110
197 1693
198 214
198 239
198 371
198 1693
198 1694
199 233
199 1516
199 1581
200 201
200 547
201 733
202 1675
203 931
203 932
204 1062
204 1068
205 1535
206 1208
206 1675
206 1724
206 1833
206 2052
206 2053
207 208
207 258
207 335
207 787
207 812
207 816
207 828
208 335
208 337
208 784
208 993
209 521
209 784
209 904
209 921
209 941
209 943
209 1529
210 223
210 1848
212 716
212 1083
212 1803
213 359
213 1036
213 2039
214 237
214 239
214 371
214 852
214 859
214 950
214 1110
214 1693
214 1694
214 1695
215 1793
217 850
217 990
217 1046
217 1463
217 1464
217 1939
217 1941
217 1956
217 1984
217 2031
218 219
218 221
218 240
218 552
218 707
218 1524
219 221
219 240
219 552
219 707
219 1524
219 1544
219 1648
219 1902
220 1937
221 240
221 279
221 546
221 547
221 552
221 707
221 1519
221 1524
222 473
222 1104
222 1723
222 1798
223 255
223 917
223 1537
223 1797
224 371
224 1712
224 1797
225 228
225 231
225 232
225 255
225 404
226 784
227 281
227 643
227 770
227 771
227 772
227 1041
228 231
228 232
228 255
228 281
228 404
228 1654
229 241
229 451
229 481
229 1402
229 1716
229 1752
229 1852
230 361
230 650
230 696
230 1228
230 1229
230 1451
230 1679
230 1680
230 1681
231 232
231 404
232 404
233 252
233 255
233 278
233 279
233 280
233 281
233 282
233 283
233 284
233 288
233 289
233 290
233 408
233 481
233 490
233 504
233 579
233 837
233 859
233 910
233 1002
233 1033
233 1041
233 1079
233 1446
233 1493
233 1505
233 1527
233 1558
233 1562
233 1702
233 1752
233 1757
234 658
234 1107
235 703
235 714
235 1624
236 247
236 248
236 637
236 1531
236 1552
236 1894
237 239
237 852
237 950
237 1693
237 1694
237 1695
237 1766
238 319
238 650
238 1721
239 852
239 949
239 950
239 1110
239 1693
239 1694
239 1695
239 1771
239 1772
239 1776
239 1778
239 1779
239 1781
240 552
240 643
240 707
240 1524
240 1544
241 279
241 481
241 546
241 547
241 685
241 1239
241 1260
241 1476
241 1549
241 1712
242 1226
243 789
243 790
244 245
244 789
244 790
245 399
245 790
246 402
246 951
246 1894
246 1907
247 248
247 252
247 579
247 637
247 1514
247 1527
247 1552
248 254
248 289
248 335
248 387
248 460
248 579
248 637
248 638
248 794
248 813
248 1237
248 1409
248 1514
248 1527
248 1552
248 1910
248 2047
249 399
250 1117
250 1119
250 1120
250 1379
250 1854
250 2044
251 255
251 372
251 783
251 1752
252 789
252 997
252 998
252 999
252 1000
252 1001
252 1002
253 344
253 738
253 1018
253 1312
253 1357
253 1404
253 1657
253 1733
253 1775
254 372
254 386
254 789
254 1185
254 1796
255 281
255 282
255 643
256 286
256 693
256 1148
256 1760
256 1761
257 259
257 1357
258 335
258 337
258 993
258 1552
258 1902
259 1357
260 261
260 291
260 557
260 854
260 1021
260 1026
260 1075
260 1290
260 1357
260 1750
261 854
261 1021
261 1026
261 1075
261 1180
261 1357
261 1701
261 1750
261 2038
262 1234
263 1415
264 1747
264 1995
265 543
265 587
265 1041
265 1430
266 671
267 1554
268 944
269 705
270 1017
270 1886
271 592
272 792
273 792
273 824
274 275
274 276
274 277
274 1651
274 1931
275 276
275 277
276 277
277 314
277 512
277 757
278 280
278 281
278 282
278 288
278 1371
278 1913
279 546
279 547
279 869
279 1260
279 1557
279 2044
281 498
281 908
281 1752
281 1755
281 1894
285 1747
285 1995
286 578
286 693
286 962
286 998
286 1148
286 1150
286 1605
286 1760
286 1761
287 1083
288 390
288 391
288 481
288 579
288 1083
288 1552
288 1894
289 390
289 391
289 481
289 579
289 1552
289 1712
289 1755
289 1757
290 481
290 772
290 2003
291 1026
291 1290
291 1291
291 1771
291 2038
292 418
293 294
293 295
293 296
293 297
293 311
293 370
293 416
293 432
293 499
293 514
293 600
293 684
293 685
293 817
293 876
293 899
293 901
293 902
293 996
293 1010
293 1144
293 1191
293 1193
293 1245
293 1247
293 1301
293 1302
293 1313
293 1326
293 1339
293 1345
293 1427
293 1624
293 1650
293 1673
293 1740
293 1813
293 1858
293 2050
297 298
297 324
297 1412
297 1413
297 1550
298 397
299 966
299 1631
300 319
300 639
300 645
300 650
300 1725
301 733
302 303
302 304
302 1489
303 304
303 305
303 306
303 418
303 892
303 923
303 1467
303 1489
303 1618
303 1801
303 2025
304 305
304 306
304 566
304 1467
304 1468
304 1489
304 2013
304 2025
305 930
305 1058
305 1489
305 1946
306 1489
307 414
307 1249
307 1467
307 1468
307 1471
307 1472
307 1473
308 761
309 1595
310 1197
312 1009
312 1443
312 1444
313 1009
314 315
316 629
316 651
316 1528
316 1604
317 695
318 639
318 650
318 657
318 1118
318 1330
318 1433
319 645
319 650
319 1330
320 1726
320 1894
321 444
321 454
322 343
322 379
322 545
322 569
322 585
322 591
322 726
322 734
322 969
322 970
322 973
322 975
322 979
322 981
322 982
322 984
322 1137
322 1233
322 1511
322 1517
322 1570
322 1632
322 1668
322 1963
322 1996
322 2034
322 2035
323 1552
323 1746
324 1550
325 585
325 1531
325 1675
326 337
328 333
328 1110
328 1380
329 393
329 748
329 891
329 1387
329 1388
329 1389
329 1390
329 1391
329 1392
329 1393
329 1546
329 1547
330 362
330 412
330 546
330 547
330 749
330 1201
330 1420
330 1638
330 1789
331 1179
331 1506
332 794
332 1174
333 1352
334 860
334 877
334 1214
334 1219
334 2046
334 2047
335 637
335 650
335 1552
335 1985
336 339
336 1255
336 1256
336 1257
336 1258
337 787
337 993
338 1104
339 375
339 1255
339 1256
339 1257
339 1258
341 342
343 2001
344 738
344 1018
344 1357
344 1372
344 1404
344 1657
345 1790
346 637
346 1409
347 556
347 1310
347 1860
347 1967
348 1115
349 1906
350 642
351 1145
352 715
352 732
352 1618
352 1801
352 1879
352 1916
353 1057
353 1382
353 1612
354 1026
355 1448
356 1442
357 682
358 778
358 1827
360 622
360 829
360 954
360 1414
360 1551
360 1745
360 1889
361 686
361 1229
361 1678
364 365
364 369
364 418
364 1625
364 1630
365 1625
366 593
366 1179
366 1850
366 1946
367 368
367 1850
368 1850
369 418
369 683
369 1561
371 848
371 1110
371 1694
372 789
372 1216
373 905
374 543
374 559
374 975
375 803
375 1286
376 407
377 424
378 379
378 386
378 423
378 636
378 754
378 755
378 756
378 757
378 758
378 759
378 760
378 761
378 859
378 1370
379 761
379 905
379 1022
380 965
381 798
381 1204
381 1208
382 1207
382 1894
383 981
384 418
385 546
386 755
386 859
386 1022
386 1110
387 637
387 1552
388 1163
388 1573
389 1627
390 391
390 508
390 696
390 727
390 1710
390 1797
391 508
391 727
391 872
391 1710
392 1929
393 585
393 748
393 891
393 1387
393 1388
393 1389
393 1390
393 1391
393 1392
393 1393
393 1546
393 1547
394 418
394 1164
395 418
396 1238
396 1281
396 1797
398 1209
399 789
399 790
399 791
400 740
400 1108
401 796
403 1352
405 1346
406 613
407 1558
408 1105
409 1105
413 1207
413 1348
413 1349
413 1356
413 1376
413 1894
414 1249
414 1831
415 761
415 1477
415 2026
416 936
416 1357
417 1216
417 1582
417 2000
418 683
418 735
418 1071
418 1190
418 1199
418 1372
418 1561
418 1630
418 1952
419 1675
420 468
420 1865
421 2001
422 1394
423 520
423 771
423 1708
424 1797
425 1584
426 1891
427 1773
428 1013
428 1759
429 1771
430 1556
431 1413
433 688
433 783
433 1042
434 981
435 979
435 980
435 985
435 1552
437 438
439 1255
439 1256
439 1257
439 1258
440 441
440 442
440 443
440 662
440 663
440 728
441 442
441 443
441 662
441 663
441 728
442 443
442 662
442 663
443 662
443 663
444 461
444 462
444 463
444 464
444 1428
444 1459
444 1469
444 1470
444 1475
445 446
447 1765
448 1019
448 1556
449 696
450 1019
451 1670
453 468
455 601
455 938
455 942
455 944
455 947
455 956
455 1284
455 1820
456 2017
457 1523
458 459
458 460
458 1084
461 462
461 464
464 1459
464 1469
464 1470
464 1475
465 779
466 467
466 1626
468 1865
468 2019
469 1539
470 1537
471 515
471 1537
472 1041
472 1413
473 474
473 475
473 858
473 1653
473 1922
474 475
476 836
476 874
477 1413
477 1482
478 1164
478 1457
478 1478
478 1485
478 1603
479 696
480 498
480 860
480 1518
481 1716
482 1974
483 484
485 1809
486 1675
487 501
488 620
489 562
490 492
490 557
490 1241
490 1989
491 854
491 1021
491 1075
491 1290
491 2041
492 1245
492 1638
493 695
493 796
493 1506
494 786
495 1266
496 1932
497 1654
497 1797
498 620
498 626
498 1647
498 1851
502 1350
505 1638
507 1412
508 567
508 859
508 1187
508 1709
508 1718
508 1719
510 1261
512 766
512 1806
513 553
513 557
513 587
513 641
515 518
515 800
515 801
515 802
515 803
515 804
515 805
515 1077
515 1263
515 1303
515 1357
515 1531
515 1661
515 1662
515 1663
515 1665
515 1666
515 1799
515 1800
516 519
517 519
518 519
518 600
518 825
518 1375
518 1377
518 1661
518 1662
518 1663
518 1664
518 1694
518 1733
518 1766
518 1781
520 1535
520 1593
520 1595
521 904
521 921
521 941
521 943
521 1298
522 575
523 1850
524 1173
525 526
525 533
526 527
526 528
526 529
526 533
526 1201
526 1737
526 1738
527 528
527 529
527 533
528 529
528 533
528 1737
528 1738
529 533
530 531
532 639
532 650
533 667
533 903
533 1116
534 814
534 919
534 1353
534 1661
534 1662
534 1665
534 1694
534 1766
534 1776
534 1780
534 1781
534 1784
535 610
535 611
535 1414
535 1658
535 1781
536 537
536 1227
537 1785
539 754
540 667
540 1785
541 1477
541 2025
541 2026
541 2028
542 632
542 678
542 961
542 1178
542 1531
542 1729
542 1785
542 1916
542 2001
543 559
543 903
543 981
543 1781
543 2037
544 1413
546 547
546 1717
546 2044
547 1260
547 1717
547 2044
549 1014
549 1888
550 551
550 2012
551 1014
551 1888
551 2012
552 908
552 1524
553 554
553 557
553 1718
554 557
554 1123
557 558
557 806
557 824
557 1019
557 1244
557 1245
557 1246
557 1247
557 1439
557 1456
557 1556
557 1642
557 1750
557 1763
558 1123
559 969
559 975
559 981
560 970
560 981
560 1675
561 587
563 1593
563 1675
563 1850
563 1851
563 1922
564 571
564 1126
564 1371
564 1818
565 1522
566 1489
567 1680
567 1700
567 1709
567 1716
567 1894
568 569
568 570
568 572
568 577
569 572
570 572
573 714
575 583
575 1139
575 1626
575 1743
575 1744
576 1164
579 637
579 1552
580 1236
582 1266
584 2005
585 696
585 700
585 701
585 742
585 849
585 882
585 890
585 959
585 963
585 980
585 985
585 1080
585 1174
585 1668
585 1675
585 2034
585 2035
586 699
586 701
586 849
586 963
587 1086
587 1087
588 1322
589 1102
593 606
593 1850
594 882
596 650
596 1672
596 2003
597 598
597 600
598 600
599 600
602 603
602 611
603 611
604 1173
604 1332
604 1736
604 1818
604 1819
605 677
606 1525
606 1889
607 813
608 1487
609 1568
609 1584
610 919
610 1652
611 613
611 653
611 654
611 908
611 1175
611 1538
611 1539
611 1889
612 1216
613 653
613 654
613 683
613 908
613 1501
613 1538
613 1539
613 1593
613 1889
614 1428
615 616
615 1594
615 1596
615 1754
616 1594
616 1596
616 1754
618 633
618 634
619 633
619 634
619 1200
620 882
620 1038
620 1772
620 1774
620 1797
621 622
622 779
622 786
622 1889
623 844
623 845
625 630
625 1025
625 1186
625 1187
625 1234
625 1551
625 1709
627 1244
629 651
629 1502
629 1528
629 1604
631 821
631 1018
631 1285
631 1357
632 1584
633 634
635 696
635 702
635 903
635 905
635 969
635 970
635 1290
635 1291
636 1074
636 1280
636 1757
637 638
637 794
637 1237
637 1408
637 1552
637 1910
637 1994
638 1552
639 650
639 1118
639 1433
639 1514
639 1709
639 1721
640 1894
640 1960
641 1550
642 761
642 1853
643 644
644 877
644 1712
644 1752
645 970
645 984
645 1721
645 1741
645 2003
646 649
646 980
646 1174
646 1797
648 1227
650 1044
650 1433
650 1552
650 1679
650 1680
650 1684
650 1709
650 1721
651 1259
651 1502
651 1528
651 1604
651 1739
652 1508
653 654
653 908
653 1538
653 1748
654 908
654 1222
654 1538
654 1596
655 858
656 714
658 1107
659 961
660 1675
661 920
662 663
662 728
663 1312
663 1313
663 1314
663 1315
663 1357
663 1358
664 1109
664 1700
665 666
666 1192
667 1450
667 1771
668 669
668 1276
668 1916
670 895
672 794
673 855
674 855
676 677
676 995
677 1080
677 1140
677 1174
677 1405
677 1406
677 1892
678 920
682 1370
682 1714
683 1561
685 1797
687 720
688 783
688 1437
688 1575
688 1577
689 1368
689 1369
690 1873
691 1766
693 737
693 1148
693 1760
693 1761
694 925
695 1630
696 903
696 904
696 969
696 970
696 979
696 981
696 984
696 1124
696 1289
696 1436
696 1603
696 1712
696 1810
696 2056
697 1766
698 969
698 970
698 982
698 984
699 970
699 979
699 980
699 1413
699 1838
699 1839
700 969
700 970
700 981
700 982
700 984
700 985
700 1338
700 1996
701 839
701 963
701 969
701 970
701 973
701 979
701 980
701 981
701 982
701 984
701 985
701 1675
701 1679
701 1833
702 903
703 1632
704 819
704 1125
704 1440
704 1480
705 1943
706 895
707 908
709 710
709 1700
709 1708
711 756
711 761
711 1022
712 713
712 744
713 744
713 1174
713 1584
713 2016
714 1618
716 1312
716 1357
716 1803
717 1603
717 1670
717 1797
718 1455
719 763
719 1792
719 1850
721 1934
723 733
723 1013
723 1556
724 725
725 791
725 1842
727 859
727 1700
727 1709
727 1710
727 1718
727 1719
729 1941
729 2025
729 2041
730 731
730 1797
732 892
732 1801
733 750
733 751
733 752
733 753
733 900
733 902
733 1088
733 1412
733 1413
733 1418
733 1556
733 1980
733 2037
734 797
735 1235
735 1413
737 880
738 1018
738 1372
738 1404
738 1657
740 1992
741 798
742 959
742 1323
742 1620
743 1571
745 1518
747 1266
748 891
748 1387
748 1388
748 1389
748 1390
748 1391
748 1392
748 1393
748 1546
748 1547
751 1556
752 1556
754 755
754 756
754 757
754 758
754 759
754 760
754 761
754 1022
755 756
755 757
755 758
755 759
755 760
755 761
755 891
755 1022
755 1151
755 1370
755 1572
755 1573
756 757
756 758
756 759
756 760
756 761
756 1022
756 1151
756 1152
756 1155
756 1161
756 1164
756 1574
756 1606
757 758
757 759
757 760
757 761
757 1022
757 1370
757 1573
757 1574
758 759
758 760
758 761
758 1022
758 1573
759 760
759 761
759 1022
759 1573
760 761
760 1022
760 1151
760 1161
761 768
761 888
761 891
761 940
761 1022
761 1026
761 1151
761 1152
761 1155
761 1161
761 1163
761 1164
761 1370
761 1547
761 1573
761 1606
761 1610
761 1853
761 1983
762 1194
763 1792
763 1850
763 1851
763 1881
764 1611
765 1416
765 1835
765 1972
765 1976
765 2030
767 1616
769 1678
770 771
771 823
771 869
771 974
771 1427
771 1531
772 869
772 1427
773 774
773 775
774 775
776 777
778 865
778 1684
778 1822
778 1823
778 1826
778 1827
778 1829
778 1830
779 786
779 1479
779 1710
781 1550
781 1757
782 1670
783 1437
783 1575
783 1577
784 1916
785 788
786 1710
787 828
787 993
787 1552
789 790
791 1654
793 822
793 1684
794 1117
794 1552
794 1875
795 2030
797 1216
797 1251
797 1305
798 1204
798 1500
798 1638
798 1801
799 811
799 1664
800 1785
802 804
802 1665
804 1662
804 1665
805 1127
805 1207
805 1661
805 1663
805 1766
806 1228
807 863
810 1675
811 1211
812 816
813 816
813 847
813 1552
813 1667
813 1752
814 816
815 816
816 1894
818 830
818 969
818 2032
818 2033
819 1428
819 1469
819 1470
821 1285
822 1684
822 1826
823 1593
823 1797
826 1271
827 1300
827 2045
829 882
829 1593
831 1788
831 1901
832 1091
832 1564
832 1622
832 1635
833 1564
833 1622
833 1635
834 899
834 1519
835 898
836 837
836 838
836 874
836 964
836 1099
836 1106
837 1106
838 1513
839 923
840 1900
841 896
842 1174
843 957
843 1340
844 845
846 1942
847 1797
848 856
850 990
850 1046
850 1047
850 1463
850 1464
850 1939
850 1940
850 1941
850 1984
850 2031
851 1766
852 949
852 950
852 1110
853 884
854 1021
854 1075
854 1180
854 1750
854 2038
859 1110
859 1700
860 877
860 1213
860 1992
861 922
862 1009
863 1583
863 2048
865 866
865 1053
865 1578
865 1825
865 1828
865 1830
866 1824
866 1825
866 1828
867 2023
867 2025
869 927
869 1816
870 1622
871 2049
873 2026
874 875
874 878
874 1099
874 1201
874 1202
874 1206
874 1211
874 1692
875 878
875 1106
876 877
877 1208
877 1643
877 1816
878 1106
879 1282
881 894
881 1156
881 1164
882 923
882 969
882 970
882 972
882 973
882 977
882 979
882 980
882 981
882 982
882 984
882 986
882 987
882 1080
882 1486
882 1756
882 1985
883 1465
885 889
886 1413
887 1195
887 1360
888 1412
888 1413
890 970
890 975
890 979
890 981
890 984
890 1679
891 1387
891 1388
891 1389
891 1390
891 1391
891 1392
891 1393
891 1546
891 1547
892 982
893 1611
894 1145
896 1413
897 1700
898 1671
899 2024
900 1980
901 1518
901 1519
902 1980
903 981
904 921
904 941
905 933
905 934
905 935
905 936
905 1547
905 1603
905 1741
905 1742
905 1920
906 1611
907 917
907 1934
908 910
908 911
908 928
908 1276
908 1449
908 2034
909 1344
909 1372
909 1374
909 1377
910 1700
911 1181
911 1712
914 983
916 1644
917 1305
917 1307
917 1537
918 1584
919 1039
919 1040
919 1414
919 1652
919 1658
919 1661
919 1662
919 1665
919 1766
919 1776
919 1780
919 1781
919 1784
919 1842
919 1865
921 943
923 959
923 977
923 978
923 982
923 983
923 984
923 1109
923 1174
923 1812
924 1675
924 1797
925 979
925 1015
925 1670
925 1816
926 1736
926 1819
927 944
929 930
931 932
933 1244
933 1547
933 1592
933 1647
933 1920
936 975
936 979
937 1884
939 969
939 981
940 1164
940 1610
941 943
943 944
943 945
943 946
943 960
943 1235
943 1529
943 1617
943 1623
944 968
944 1386
946 1623
947 1331
947 1820
947 2042
948 970
949 950
949 1110
949 1776
950 1766
950 1773
950 1776
950 1780
951 1907
952 1399
954 1593
955 1593
958 1265
958 1578
959 963
959 970
959 975
959 982
959 984
959 986
959 1174
959 1417
959 1759
962 1148
962 1760
963 973
963 979
963 980
963 1675
963 2035
967 1169
967 1816
969 971
969 972
969 973
969 976
969 977
969 980
969 987
969 988
969 1013
969 1174
969 1576
969 1675
969 1680
969 1759
969 1805
969 1840
970 972
970 975
970 980
970 985
970 986
970 987
970 988
970 1013
970 1174
970 1395
970 1469
970 1675
970 1680
970 1759
971 981
971 982
971 984
971 987
971 1459
971 1490
972 981
972 982
972 984
973 974
973 981
973 982
973 984
973 987
973 1174
973 1459
973 1490
974 983
974 986
974 1130
974 1133
975 986
975 1759
976 979
976 986
977 1109
979 986
979 1013
979 1174
979 1668
979 1675
979 1679
979 1683
979 1759
980 981
980 982
980 984
980 985
980 1013
980 1668
980 1675
980 1679
980 1683
981 987
981 988
981 1013
981 1292
981 1469
981 1504
981 1675
981 1679
981 1795
982 984
982 987
982 988
982 1013
982 1134
982 1174
982 1675
982 1680
982 1812
983 1109
983 1174
984 987
984 988
984 1013
984 1174
984 1675
984 1680
984 1759
984 1784
984 1812
985 1013
985 1668
985 1675
985 1679
985 1683
986 1812
987 988
987 1459
987 1490
988 1459
988 1490
989 1938
990 1046
990 1096
990 1463
990 1464
990 1939
990 1941
990 1984
990 2013
990 2031
991 1090
992 1543
993 1718
995 1530
997 998
997 999
997 1000
997 1001
997 1002
997 1536
997 2044
998 999
998 1000
998 1001
998 1002
999 1000
999 1001
999 1002
1000 1001
1000 1002
1001 1002
1003 1638
1004 1005
1004 1006
1004 1007
1004 1008
1004 1091
1004 1728
1004 1758
1004 1986
1005 1006
1005 1007
1005 1008
1005 1728
1005 1758
1005 1986
1006 1007
1006 1008
1006 1728
1006 1758
1006 1986
1007 1008
1007 1728
1007 1758
1007 1986
1008 1728
1008 1758
1008 1986
1011 1110
1012 1182
1012 1183
1012 1184
1013 1024
1013 1026
1013 1091
1013 1290
1013 1291
1013 2052
1013 2053
1013 2054
1014 1888
1014 2012
1017 1885
1018 1357
1018 1372
1018 1404
1018 1657
1018 1663
1018 1775
1019 1020
1019 1138
1019 1556
1019 1995
1021 1075
1021 1180
1021 1896
1021 1907
1021 2038
1021 2041
1022 1848
1023 1124
1025 1521
1025 1689
1025 1690
1025 1709
1026 1180
1026 1290
1026 1291
1026 1357
1026 2038
1027 1173
1027 1332
1028 1083
1029 1083
1030 1083
1030 1413
1031 1083
1032 1083
1033 1082
1033 1083
1034 1083
1035 1083
1035 1413
1040 1412
1040 1413
1043 1622
1044 1160
1044 1464
1044 1641
1044 1700
1044 1984
1044 2025
1044 2026
1045 1984
1046 1047
1046 1463
1046 1464
1046 1939
1046 1941
1046 1956
1046 1964
1046 1984
1046 2031
1047 1956
1047 1964
1048 1957
1048 1962
1048 1966
1048 1967
1048 1973
1049 1052
1050 1531
1051 1052
1053 1830
1053 1843
1054 1056
1054 1057
1054 1059
1054 1062
1054 1064
1054 1067
1055 1062
1056 1057
1056 1059
1056 1062
1056 1064
1057 1058
1057 1059
1057 1060
1057 1061
1057 1063
1057 1066
1057 1068
1057 1069
1057 1844
1058 1059
1058 1060
1058 1062
1058 1068
1058 1069
1058 1988
1059 1060
1059 1064
1059 1066
1060 1062
1060 1068
1060 1069
1061 1069
1061 1113
1062 1064
1062 1065
1062 1066
1062 1068
1062 1263
1063 1069
1063 1113
1064 1067
1068 1069
1068 1070
1068 1114
1069 1113
1072 1073
1072 1905
1074 1639
1075 1180
1075 1290
1075 1750
1075 2038
1075 2041
1076 1090
1076 1678
1078 1427
1079 1080
1079 1756
1080 1081
1080 1372
1080 1375
1080 1377
1080 1733
1080 1766
1080 1802
1081 1082
1081 1083
1082 1083
1083 1178
1083 1621
1083 1695
1084 1626
1085 1240
1085 2010
1091 1266
1091 1728
1091 1758
1091 1986
1091 2044
1092 1503
1092 2036
1093 1716
1094 1716
1095 1098
1097 1718
1100 1207
1101 1104
1101 1651
1103 1104
1104 1105
1104 1107
1104 1136
1104 1651
1105 1136
1105 1137
1106 1107
1106 1254
1106 1255
1106 1256
1106 1257
1106 1258
1106 1381
1106 1918
1110 1189
1110 1693
1110 1994
1110 2057
1111 1364
1112 1661
1116 2001
1117 1119
1117 1379
1117 1854
1118 1122
1119 1379
1119 1407
1119 1787
1119 1854
1120 1407
1120 1854
1121 1178
1123 1439
1123 1541
1123 2040
1125 1479
1126 1127
1126 1128
1126 1129
1126 1130
1126 1131
1126 1132
1126 1133
1126 1134
1126 1135
1126 1190
1126 1191
1126 1192
1126 1277
1126 1441
1126 1736
1127 1128
1127 1129
1127 1130
1127 1131
1127 1132
1127 1133
1127 1134
1127 1135
1127 1190
1127 1191
1127 1192
1127 1207
1127 1345
1127 1346
1127 1347
1127 1348
1127 1349
1127 1350
1127 1352
1127 1353
1127 1354
1127 1355
1127 1356
1127 1372
1127 1373
1127 1374
1127 1376
1127 1377
1127 1441
1128 1129
1128 1130
1128 1131
1128 1132
1128 1133
1128 1134
1128 1135
1128 1190
1128 1191
1128 1192
1128 1441
1128 1917
1129 1130
1129 1131
1129 1132
1129 1133
1129 1134
1129 1135
1129 1190
1129 1191
1129 1192
1129 1441
1129 1937
1130 1131
1130 1132
1130 1133
1130 1134
1130 1135
1130 1190
1130 1191
1130 1192
1130 1408
1130 1441
1131 1132
1131 1133
1131 1134
1131 1135
1131 1190
1131 1191
1131 1192
1131 1441
1131 1518
1131 1734
1132 1133
1132 1134
1132 1135
1132 1190
1132 1191
1132 1192
1132 1441
1133 1134
1133 1135
1133 1190
1133 1191
1133 1192
1133 1351
1133 1441
1133 1689
1134 1135
1134 1190
1134 1191
1134 1192
1134 1441
1135 1190
1135 1191
1135 1192
1135 1441
1135 1736
1138 1556
1141 1797
1141 2026
1142 1764
1145 1149
1145 1165
1145 2053
1147 1565
1148 1605
1148 1760
1148 1761
1148 2011
1149 1165
1150 1565
1150 1771
1152 1163
1152 1573
1153 1573
1153 1608
1153 1646
1154 1164
1154 1611
1155 1161
1155 1573
1156 1531
1156 1611
1156 1771
1157 1611
1159 1160
1159 1760
1161 1163
1161 1573
1162 1591
1163 1573
1163 1902
1164 1573
1164 1603
1164 1606
1164 1919
1166 1713
1167 1595
1168 1170
1168 1171
1168 1172
1169 1172
1170 1171
1171 1172
1173 1332
1173 1817
1173 1818
1174 1338
1174 1413
1174 1638
1174 1766
1174 1990
1174 1996
1174 2032
1174 2033
1176 1987
1177 1717
1177 2002
1178 1708
1179 1526
1180 1750
1186 1564
1187 1564
1188 1512
1190 1191
1190 1192
1190 1207
1190 1441
1190 1903
1191 1192
1191 1441
1192 1441
1196 1927
1196 1929
1196 1933
1197 1581
1198 1531
1201 1202
1201 1206
1201 1656
1202 1203
1202 1206
1202 1207
1202 1211
1202 1223
1202 1252
1202 1357
1202 1801
1202 1834
1203 1223
1203 1513
1205 1221
1205 1222
1205 1900
1207 1212
1207 1348
1207 1349
1207 1356
1207 1357
1207 1372
1207 1376
1207 1377
1207 1596
1207 1597
1207 1651
1207 1692
1207 1766
1207 1801
1207 1802
1207 1894
1208 1219
1208 1255
1208 1258
1208 1421
1210 1692
1210 1801
1211 1374
1211 1691
1211 1692
1211 1803
1211 1811
1212 1223
1212 1597
1213 1992
1214 1215
1214 1217
1214 1218
1214 1425
1214 1867
1214 1902
1215 1251
1215 1252
1215 1253
1216 1224
1220 1442
1220 1615
1221 1900
1222 1906
1223 1538
1224 2055
1225 1226
1227 1273
1227 1274
1227 1538
1227 1539
1227 1771
1230 1231
1230 1552
1230 1811
1230 1947
1230 1948
1230 1952
1231 1552
1231 1811
1231 1947
1231 1948
1231 1952
1232 1886
1236 1998
1237 1552
1239 1266
1239 1269
1242 1243
1242 1637
1245 1750
1248 1310
1248 1315
1248 1317
1248 1319
1248 1320
1248 1321
1248 1322
1248 1323
1248 1324
1248 1325
1248 1326
1248 1327
1248 1328
1248 1329
1248 1358
1248 1359
1249 1468
1249 1472
1250 1468
1251 1252
1251 1253
1252 1253
1255 1256
1255 1257
1255 1258
1256 1257
1256 1258
1259 1739
1260 1266
1261 1268
1261 1269
1262 1272
1262 2030
1263 1531
1266 1300
1266 1419
1266 1476
1266 1550
1270 1874
1272 2030
1273 1274
1275 1279
1275 2043
1276 1916
1278 1771
1278 1862
1281 1539
1282 1429
1282 1431
1282 1432
1282 1536
1283 1564
1283 1771
1285 1815
1287 1460
1288 1323
1290 1291
1292 1669
1294 1296
1294 1582
1295 1297
1296 1582
1298 1675
1299 1401
1300 1560
1303 1507
1304 1305
1304 1306
1304 1400
1305 1307
1305 1310
1305 1319
1305 1322
1305 1327
1307 1308
1307 1315
1307 1327
1309 1327
1310 1311
1310 1312
1310 1313
1310 1314
1310 1315
1310 1316
1310 1317
1310 1318
1310 1319
1310 1320
1310 1321
1310 1322
1310 1323
1310 1324
1310 1325
1310 1326
1310 1327
1310 1328
1310 1329
1310 1357
1310 1358
1310 1359
1311 1312
1311 1313
1311 1314
1311 1315
1311 1316
1311 1317
1311 1318
1311 1319
1311 1357
1311 1358
1312 1313
1312 1314
1312 1315
1312 1316
1312 1317
1312 1318
1312 1319
1312 1327
1312 1357
1312 1358
1313 1314
1313 1315
1313 1316
1313 1317
1313 1318
1313 1319
1313 1322
1313 1357
1313 1358
1314 1315
1314 1316
1314 1317
1314 1318
1314 1319
1314 1357
1314 1358
1315 1316
1315 1317
1315 1318
1315 1319
1315 1320
1315 1321
1315 1322
1315 1323
1315 1324
1315 1325
1315 1326
1315 1327
1315 1328
1315 1329
1315 1357
1315 1358
1315 1359
1316 1317
1316 1318
1316 1319
1316 1357
1316 1358
1317 1318
1317 1319
1317 1320
1317 1321
1317 1322
1317 1323
1317 1324
1317 1325
1317 1326
1317 1327
1317 1328
1317 1329
1317 1357
1317 1358
1317 1359
1318 1319
1318 1357
1318 1358
1318 1359
1319 1320
1319 1321
1319 1322
1319 1323
1319 1324
1319 1325
1319 1326
1319 1327
1319 1328
1319 1329
1319 1357
1319 1358
1319 1359
1320 1321
1320 1322
1320 1323
1320 1324
1320 1325
1320 1326
1320 1327
1320 1328
1320 1329
1320 1358
1320 1359
1321 1322
1321 1323
1321 1324
1321 1325
1321 1326
1321 1327
1321 1328
1321 1329
1321 1358
1321 1359
1322 1323
1322 1324
1322 1325
1322 1326
1322 1327
1322 1328
1322 1329
1322 1358
1322 1359
1323 1324
1323 1325
1323 1326
1323 1327
1323 1328
1323 1329
1323 1358
1323 1359
1324 1325
1324 1326
1324 1327
1324 1328
1324 1329
1324 1358
1324 1359
1325 1326
1325 1327
1325 1328
1325 1329
1325 1358
1325 1359
1326 1327
1326 1328
1326 1329
1326 1358
1326 1359
1327 1328
1327 1329
1327 1358
1327 1359
1328 1329
1328 1358
1328 1359
1328 1806
1329 1358
1329 1359
1330 1426
1330 1530
1330 1915
1332 1557
1332 1736
1332 1817
1332 1818
1332 1819
1332 1885
1333 1660
1334 1394
1335 1362
1335 1363
1335 1365
1335 1366
1336 1993
1341 1412
1341 1413
1342 1698
1343 1378
1344 1347
1344 1374
1344 1382
1344 1904
1345 1350
1345 1352
1345 1354
1345 1355
1345 1356
1345 1374
1345 1727
1346 1350
1346 1352
1346 1355
1346 1374
1347 1372
1347 1377
1348 1372
1348 1377
1348 1689
1348 1736
1349 1906
1350 1352
1350 1354
1350 1355
1350 1356
1350 1491
1352 1353
1352 1354
1352 1355
1352 1356
1352 1372
1352 1373
1352 1374
1352 1553
1352 1591
1352 1625
1353 1355
1353 1356
1353 1374
1354 1356
1354 1491
1355 1356
1356 1374
1356 1736
1356 1937
1357 1358
1357 1401
1357 1531
1357 1775
1357 1800
1358 1359
1361 1362
1363 1366
1366 1911
1372 1373
1372 1374
1372 1904
1372 1906
1374 1375
1374 1376
1374 1377
1374 1555
1375 1376
1375 1377
1377 1736
1377 1766
1377 1780
1377 1904
1377 1906
1379 1787
1379 1854
1382 1385
1383 1384
1384 1385
1385 1766
1387 1388
1387 1389
1387 1390
1387 1391
1387 1392
1387 1393
1387 1546
1387 1547
1388 1389
1388 1390
1388 1391
1388 1392
1388 1393
1388 1546
1388 1547
1389 1390
1389 1391
1389 1392
1389 1393
1389 1546
1389 1547
1390 1391
1390 1392
1390 1393
1390 1546
1390 1547
1391 1392
1391 1393
1391 1546
1391 1547
1392 1393
1392 1546
1392 1547
1392 1679
1393 1546
1393 1547
1396 1397
1398 1399
1399 1594
1399 1720
1401 1557
1401 1653
1403 1989
1404 1657
1405 1406
1408 1409
1409 1552
1409 1899
1410 1411
1412 1413
1412 1759
1413 1414
1413 1467
1413 1485
1413 1559
1413 1563
1413 1677
1413 1678
1413 1807
1413 1921
1414 1655
1416 1972
1416 1976
1416 2030
1422 1542
1423 1542
1424 1542
1425 1654
1427 1832
1428 1468
1429 1431
1429 1432
1430 1651
1430 1775
1430 2018
1431 1432
1433 1721
1435 1863
1437 1438
1441 1917
1443 1444
1450 1500
1450 1520
1450 1645
1450 1749
1450 1750
1450 1751
1450 1946
1452 1791
1453 1791
1454 1791
1455 1564
1457 1461
1457 1482
1457 1941
1458 1626
1459 1475
1459 1490
1462 1469
1462 1470
1462 1475
1462 1504
1463 1464
1463 1468
1463 1486
1463 1489
1463 1835
1463 1836
1463 1939
1463 1941
1463 1984
1463 2013
1463 2031
1464 1939
1464 1941
1464 1984
1464 2031
1465 1486
1465 1696
1466 1468
1466 1909
1467 1468
1467 1472
1467 1484
1468 1471
1468 1472
1468 1473
1468 1486
1468 1489
1468 1569
1468 1909
1468 2025
1469 1470
1469 1475
1469 1484
1469 1489
1469 1504
1469 1505
1470 1475
1470 1484
1470 1489
1471 1472
1472 1473
1474 1477
1476 1478
1477 2007
1479 1699
1479 1735
1480 1481
1480 1483
1481 1483
1481 1661
1481 1797
1482 1485
1486 1589
1486 1590
1486 1670
1486 1671
1486 1696
1486 1697
1486 2058
1486 2059
1489 1504
1489 1505
1489 1509
1489 1569
1489 1984
1489 2013
1492 1494
1492 1495
1492 1496
1494 1495
1494 1496
1495 1496
1498 1499
1500 1520
1500 1645
1500 1749
1500 1750
1500 1751
1501 1638
1502 1528
1502 1604
1506 1720
1507 1531
1507 1693
1507 1695
1511 2030
1512 2053
1512 2054
1513 1848
1513 1849
1514 1552
1518 1519
1518 1675
1520 1645
1520 1749
1520 1751
1521 1700
1525 1526
1527 1552
1527 1894
1528 1539
1528 1604
1529 1934
1530 1702
1530 1703
1530 1704
1530 1705
1530 1706
1530 1707
1530 1915
1530 1916
1531 1593
1532 1593
1532 1595
1533 1593
1533 1595
1534 1593
1535 1593
1535 1694
1536 1539
1536 2044
1537 1539
1537 1592
1537 2044
1538 1539
1538 2044
1539 2014
1539 2044
1540 1679
1540 1680
1540 1681
1540 1682
1540 1685
1540 1686
1543 2029
1544 1902
1545 1547
1546 1547
1547 1548
1548 1637
1551 1889
1552 1811
1552 1910
1552 1947
1552 1948
1552 1952
1556 1588
1556 1741
1556 2037
1557 2037
1563 2021
1564 1622
1564 1755
1564 1757
1566 1567
1571 1573
1571 1611
1572 1573
1572 1586
1572 1611
1573 1574
1573 1579
1573 1585
1573 1586
1573 1606
1573 1607
1573 1608
1573 1610
1573 1611
1575 1577
1575 1816
1575 1866
1576 1816
1576 1866
1578 1627
1579 1586
1580 1893
1584 1896
1584 1902
1586 1797
1589 1835
1590 1641
1590 1836
1591 1594
1592 1594
1592 1596
1592 1597
1592 1753
1592 1754
1593 1595
1593 1694
1593 1695
1593 1708
1594 1596
1594 1753
1594 1754
1594 1775
1596 1597
1596 1753
1596 1754
1597 1754
1598 1971
1599 1968
1600 1613
1600 1614
1600 1615
1601 1614
1601 1615
1602 1613
1602 1615
1603 1611
1604 2009
1605 1760
1609 1611
1611 2006
1614 1615
1614 1797
1621 1675
1621 1797
1622 1709
1622 1719
1623 2001
1624 1629
1624 1631
1624 1633
1624 1634
1624 1888
1625 1630
1625 1816
1627 1628
1627 1717
1627 1816
1629 1631
1632 1633
1632 1634
1632 1731
1632 1888
1633 1634
1633 1731
1633 1888
1634 1888
1635 1709
1635 1719
1641 1696
1645 1749
1645 1750
1645 1751
1649 2044
1652 1655
1652 1658
1652 1659
1652 1766
1655 1766
1658 1771
1658 1865
1659 1865
1661 1662
1661 1663
1661 1766
1661 1780
1661 1876
1662 1663
1662 1664
1662 1694
1663 1694
1663 1695
1663 1766
1668 2034
1668 2035
1669 1726
1670 2009
1673 1674
1675 1724
1675 1727
1675 1814
1675 1880
1675 1991
1675 1997
1678 1868
1679 2003
1683 2003
1684 1823
1684 1826
1687 1735
1688 1690
1688 2021
1691 1801
1692 1802
1692 1804
1693 1694
1694 1695
1695 1975
1696 2058
1696 2059
1700 1836
1700 1968
1700 2009
1700 2015
1703 1941
1708 1729
1708 1766
1709 1717
1709 1718
1711 1716
1716 1718
1716 1762
1717 1718
1718 1719
1723 1798
1726 1894
1726 1961
1728 1758
1728 1986
1730 1886
1732 1811
1732 1944
1732 1945
1732 1947
1732 1948
1732 1949
1732 1950
1732 1951
1732 1952
1733 1766
1733 1838
1733 1839
1734 2032
1736 1819
1736 2053
1736 2054
1738 1819
1741 1742
1749 1750
1749 1751
1750 1751
1750 2038
1753 1754
1755 1757
1758 1986
1760 1761
1760 2011
1766 1773
1766 1776
1766 1777
1766 1780
1766 1802
1766 1838
1766 1839
1766 1935
1768 1891
1769 1770
1771 1772
1771 1774
1771 1775
1771 1776
1771 1778
1771 1780
1771 1783
1771 1786
1771 1916
1771 1999
1772 1774
1773 1776
1773 1779
1773 1781
1773 1784
1775 1778
1775 1809
1775 1810
1776 1778
1776 1780
1776 1781
1776 1782
1776 1784
1779 1781
1779 1784
1780 1781
1780 1784
1781 1784
1787 1854
1792 1850
1795 2004
1797 1990
1797 2020
1797 2028
1799 1800
1799 1801
1805 1808
1806 1808
1811 1947
1811 1953
1819 2053
1819 2054
1822 1829
1823 1826
1823 1827
1823 1844
1823 1845
1824 1825
1824 1828
1825 1828
1826 1827
1831 1909
1835 1836
1835 1970
1835 1976
1835 1984
1835 2009
1835 2010
1836 1984
1838 1839
1840 1847
1841 1847
1843 1844
1843 1845
1844 1845
1844 1846
1847 1867
1850 1922
1851 1881
1851 1922
1856 1857
1857 2025
1862 1863
1862 1864
1862 1883
1863 1864
1863 1883
1865 2019
1869 1870
1871 1872
1876 1878
1885 1886
1888 2012
1891 1922
1894 1895
1894 1908
1894 1960
1894 1961
1896 1907
1897 1914
1898 1925
1922 2011
1923 2008
1926 1929
1926 1934
1927 1929
1928 1932
1929 1930
1929 1931
1929 1933
1931 1934
1936 1938
1939 1941
1939 1964
1939 1984
1939 2013
1939 2031
1940 1956
1940 1969
1941 1977
1941 1978
1941 1984
1941 2007
1941 2013
1941 2031
1944 1953
1945 1953
1946 1950
1946 1951
1946 1953
1946 1954
1946 1982
1947 1953
1948 1953
1949 1953
1950 1953
1951 1953
1952 1953
1953 1954
1955 1965
1956 1964
1957 1967
1957 1973
1958 1971
1959 2007
1962 1967
1962 1973
1967 1973
1971 1981
1972 1976
1972 2030
1976 2019
1976 2030
1984 2013
1984 2031
2007 2009
2007 2010
2007 2023
2007 2024
2007 2025
2007 2026
2007 2027
2007 2028
2007 2029
2007 2030
2007 2031
2009 2010
2009 2025
2009 2026
2032 2033
2051 2053
2051 2054
2052 2053
2052 2054
2058 2059
